-122.767044
-15.638863
-141.562622
1.0
1.0
1.0
1.0
-0.004300
-1.000000
-0.004300
0.606175
0.034748
-0.000026
0.004349
-0.999991
-73.870598
-16.201563
-61.072292
1.0
1.0
1.0
1.0
-0.004300
-1.000000
-0.004300
0.530051
0.080990
-0.000026
0.004349
-0.999991
-144.341888
-15.638863
-119.987801
1.0
1.0
1.0
1.0
-0.004300
-1.000000
-0.004300
0.585771
0.014343
-0.000026
0.004349
-0.999991
-73.870598
-16.201563
-61.072292
1.0
1.0
1.0
1.0
-0.009000
-1.000000
-0.001500
0.530051
0.080990
0.000001
0.001527
-0.999999
-122.767044
-15.638863
-141.562622
1.0
1.0
1.0
1.0
-0.009000
-1.000000
-0.001500
0.606175
0.034748
0.000001
0.001527
-0.999999
-62.848194
-16.283873
-72.094795
1.0
1.0
1.0
1.0
-0.009000
-1.000000
-0.001500
0.540475
0.091414
0.000001
0.001527
-0.999999
-144.341888
-15.638863
119.091896
1.0
1.0
1.0
1.0
-0.008000
-1.000000
-0.000000
0.359664
0.014340
-0.000013
0.000000
-1.000000
-144.341888
-15.638863
-119.987801
1.0
1.0
1.0
1.0
-0.008000
-1.000000
-0.000000
0.585771
0.014343
-0.000013
0.000000
-1.000000
-73.870598
-16.201563
-61.072292
1.0
1.0
1.0
1.0
-0.008000
-1.000000
-0.000000
0.530051
0.080990
-0.000013
0.000000
-1.000000
-74.041695
-15.638863
61.122761
1.0
1.0
1.0
1.0
0.003800
-1.000000
0.004600
0.414487
0.080827
-0.000010
-0.004610
-0.999989
-144.341888
-15.638863
119.091896
1.0
1.0
1.0
1.0
0.003800
-1.000000
0.004600
0.359664
0.014340
-0.000010
-0.004610
-0.999989
-73.870598
-16.201563
-61.072292
1.0
1.0
1.0
1.0
0.003800
-1.000000
0.004600
0.530051
0.080990
-0.000010
-0.004610
-0.999989
-144.341888
-15.638863
119.091896
1.0
1.0
1.0
1.0
-0.000000
-1.000000
-0.000000
0.359664
0.014340
-0.000016
0.000000
-1.000000
-74.041695
-15.638863
61.122761
1.0
1.0
1.0
1.0
-0.000000
-1.000000
-0.000000
0.414487
0.080827
-0.000016
0.000000
-1.000000
-122.767044
-15.638863
140.666702
1.0
1.0
1.0
1.0
-0.000000
-1.000000
-0.000000
0.339260
0.034744
-0.000016
0.000000
-1.000000
-122.767044
-15.638863
140.666702
1.0
1.0
1.0
1.0
-0.000000
-1.000000
-0.000000
0.339260
0.034744
-0.000013
0.000000
-1.000000
-74.041695
-15.638863
61.122761
1.0
1.0
1.0
1.0
-0.000000
-1.000000
-0.000000
0.414487
0.080827
-0.000013
0.000000
-1.000000
-63.276550
-15.638863
71.913498
1.0
1.0
1.0
1.0
-0.000000
-1.000000
-0.000000
0.404282
0.091008
-0.000013
0.000000
-1.000000
-122.767044
-15.638863
140.666702
1.0
1.0
1.0
1.0
-0.000000
-1.000000
-0.000000
0.339260
0.034744
-0.000011
0.000000
-1.000000
-63.276550
-15.638863
71.913498
1.0
1.0
1.0
1.0
-0.000000
-1.000000
-0.000000
0.404282
0.091008
-0.000011
0.000000
-1.000000
123.264580
-15.638863
140.666702
1.0
1.0
1.0
1.0
-0.000000
-1.000000
-0.000000
0.339258
0.267429
-0.000011
0.000000
-1.000000
-63.276550
-15.638863
71.913498
1.0
1.0
1.0
1.0
-0.000000
-1.000000
-0.000000
0.404282
0.091008
0.000007
0.000000
-1.000000
62.848194
-15.638863
72.094795
1.0
1.0
1.0
1.0
-0.000000
-1.000000
-0.000000
0.404110
0.210290
0.000007
0.000000
-1.000000
123.264580
-15.638863
140.666702
1.0
1.0
1.0
1.0
-0.000000
-1.000000
-0.000000
0.339258
0.267429
0.000007
0.000000
-1.000000
123.264580
-15.638863
140.666702
1.0
1.0
1.0
1.0
-0.000000
-1.000000
-0.000000
0.339258
0.267429
0.000010
0.000000
-1.000000
62.848194
-15.638863
72.094795
1.0
1.0
1.0
1.0
-0.000000
-1.000000
-0.000000
0.404110
0.210290
0.000010
0.000000
-1.000000
144.839386
-15.638863
119.091896
1.0
1.0
1.0
1.0
-0.000000
-1.000000
-0.000000
0.359663
0.287833
0.000010
0.000000
-1.000000
144.839386
-15.638863
119.091896
1.0
1.0
1.0
1.0
-0.000000
-1.000000
-0.000000
0.359663
0.287833
0.000025
0.000000
-1.000000
62.848194
-15.638863
72.094795
1.0
1.0
1.0
1.0
-0.000000
-1.000000
-0.000000
0.404110
0.210290
0.000025
0.000000
-1.000000
73.870590
-15.638863
61.072300
1.0
1.0
1.0
1.0
-0.000000
-1.000000
-0.000000
0.414535
0.220714
0.000025
0.000000
-1.000000
73.870590
-15.638863
61.072300
1.0
1.0
1.0
1.0
-0.000000
-1.000000
-0.000000
0.414535
0.220714
-0.000009
0.000000
-1.000000
73.870583
-15.638863
-61.072292
1.0
1.0
1.0
1.0
-0.000000
-1.000000
-0.000000
0.530053
0.220715
-0.000009
0.000000
-1.000000
144.839386
-15.638863
119.091896
1.0
1.0
1.0
1.0
-0.000000
-1.000000
-0.000000
0.359663
0.287833
-0.000009
0.000000
-1.000000
144.839386
-15.638863
119.091896
1.0
1.0
1.0
1.0
-0.000000
-1.000000
-0.000000
0.359663
0.287833
0.000000
0.000000
-1.000000
73.870583
-15.638863
-61.072292
1.0
1.0
1.0
1.0
-0.000000
-1.000000
-0.000000
0.530053
0.220715
0.000000
0.000000
-1.000000
144.839386
-15.638863
-119.987801
1.0
1.0
1.0
1.0
-0.000000
-1.000000
-0.000000
0.585772
0.287833
0.000000
0.000000
-1.000000
62.848194
-15.638863
-72.094795
1.0
1.0
1.0
1.0
-0.000000
-1.000000
-0.000000
0.540478
0.210290
0.000036
0.000000
-1.000000
144.839386
-15.638863
-119.987801
1.0
1.0
1.0
1.0
-0.000000
-1.000000
-0.000000
0.585772
0.287833
0.000036
0.000000
-1.000000
73.870583
-15.638863
-61.072292
1.0
1.0
1.0
1.0
-0.000000
-1.000000
-0.000000
0.530053
0.220715
0.000036
0.000000
-1.000000
123.264580
-15.638863
-141.562622
1.0
1.0
1.0
1.0
-0.000000
-1.000000
-0.000000
0.606176
0.267429
-0.000010
-0.000000
-1.000000
144.839386
-15.638863
-119.987801
1.0
1.0
1.0
1.0
-0.000000
-1.000000
-0.000000
0.585772
0.287833
-0.000010
-0.000000
-1.000000
62.848194
-15.638863
-72.094795
1.0
1.0
1.0
1.0
-0.000000
-1.000000
-0.000000
0.540478
0.210290
-0.000010
-0.000000
-1.000000
-62.848194
-16.283873
-72.094795
1.0
1.0
1.0
1.0
0.005100
-0.999900
-0.013700
0.540475
0.091414
-0.000024
0.013710
-0.999906
-122.767044
-15.638863
-141.562622
1.0
1.0
1.0
1.0
0.005100
-0.999900
-0.013700
0.606175
0.034748
-0.000024
0.013710
-0.999906
62.848194
-15.638863
-72.094795
1.0
1.0
1.0
1.0
0.005100
-0.999900
-0.013700
0.540478
0.210290
-0.000024
0.013710
-0.999906
123.264580
-15.638863
-141.562622
1.0
1.0
1.0
1.0
-0.000000
-1.000000
-0.000000
0.606176
0.267429
-0.000016
0.000000
-1.000000
62.848194
-15.638863
-72.094795
1.0
1.0
1.0
1.0
-0.000000
-1.000000
-0.000000
0.540478
0.210290
-0.000016
0.000000
-1.000000
-122.767044
-15.638863
-141.562622
1.0
1.0
1.0
1.0
-0.000000
-1.000000
-0.000000
0.606175
0.034748
-0.000016
0.000000
-1.000000
-122.719025
0.735581
-141.502167
1.0
1.0
1.0
1.0
-0.000000
1.000000
-0.000000
0.339258
0.336917
-0.000004
0.000000
1.000000
-144.293869
0.735581
-119.927345
1.0
1.0
1.0
1.0
-0.000000
1.000000
-0.000000
0.359662
0.316513
-0.000004
0.000000
1.000000
-73.870598
0.735581
-61.072300
1.0
1.0
1.0
1.0
-0.000000
1.000000
-0.000000
0.415324
0.383115
-0.000004
0.000000
1.000000
-73.870598
0.735581
-61.072300
1.0
1.0
1.0
1.0
-0.000000
1.000000
-0.000000
0.415324
0.383115
0.000024
-0.000000
1.000000
-62.848198
0.735581
-72.094788
1.0
1.0
1.0
1.0
-0.000000
1.000000
-0.000000
0.404899
0.393540
0.000024
-0.000000
1.000000
-122.719025
0.735581
-141.502167
1.0
1.0
1.0
1.0
-0.000000
1.000000
-0.000000
0.339258
0.336917
0.000024
-0.000000
1.000000
-144.293869
0.735581
119.152351
1.0
1.0
1.0
1.0
-0.000000
1.000000
-0.000000
0.585769
0.316513
0.000000
0.000000
1.000000
-73.870598
0.735581
-61.072300
1.0
1.0
1.0
1.0
-0.000000
1.000000
-0.000000
0.415324
0.383115
0.000000
0.000000
1.000000
-144.293869
0.735581
-119.927345
1.0
1.0
1.0
1.0
-0.000000
1.000000
-0.000000
0.359662
0.316513
0.000000
0.000000
1.000000
-73.870598
0.735581
61.072300
1.0
1.0
1.0
1.0
-0.000000
1.000000
-0.000000
0.530841
0.383115
0.000000
-0.000000
1.000000
-73.870598
0.735581
-61.072300
1.0
1.0
1.0
1.0
-0.000000
1.000000
-0.000000
0.415324
0.383115
0.000000
-0.000000
1.000000
-144.293869
0.735581
119.152351
1.0
1.0
1.0
1.0
-0.000000
1.000000
-0.000000
0.585769
0.316513
0.000000
-0.000000
1.000000
-144.293869
0.735581
119.152351
1.0
1.0
1.0
1.0
-0.000000
1.000000
-0.000000
0.585769
0.316513
0.000004
0.000000
1.000000
-122.719025
0.735581
140.727158
1.0
1.0
1.0
1.0
-0.000000
1.000000
-0.000000
0.606173
0.336917
0.000004
0.000000
1.000000
-73.870598
0.735581
61.072300
1.0
1.0
1.0
1.0
-0.000000
1.000000
-0.000000
0.530841
0.383115
0.000004
0.000000
1.000000
-122.719025
0.735581
140.727158
1.0
1.0
1.0
1.0
-0.000000
1.000000
-0.000000
0.606173
0.336917
-0.000024
0.000000
1.000000
-62.848198
0.735581
72.094788
1.0
1.0
1.0
1.0
-0.000000
1.000000
-0.000000
0.541265
0.393540
-0.000024
0.000000
1.000000
-73.870598
0.735581
61.072300
1.0
1.0
1.0
1.0
-0.000000
1.000000
-0.000000
0.530841
0.383115
-0.000024
0.000000
1.000000
-122.719025
0.735581
140.727158
1.0
1.0
1.0
1.0
-0.000000
1.000000
-0.000000
0.606173
0.336917
0.000012
0.000000
1.000000
123.312592
0.735581
140.727158
1.0
1.0
1.0
1.0
-0.000000
1.000000
-0.000000
0.606173
0.569599
0.000012
0.000000
1.000000
-62.848198
0.735581
72.094788
1.0
1.0
1.0
1.0
-0.000000
1.000000
-0.000000
0.541265
0.393540
0.000012
0.000000
1.000000
-62.848198
0.735581
72.094788
1.0
1.0
1.0
1.0
-0.000000
1.000000
-0.000000
0.541265
0.393540
-0.000014
0.000000
1.000000
123.312592
0.735581
140.727158
1.0
1.0
1.0
1.0
-0.000000
1.000000
-0.000000
0.606173
0.569599
-0.000014
0.000000
1.000000
62.848190
0.735581
72.094788
1.0
1.0
1.0
1.0
-0.000000
1.000000
-0.000000
0.541265
0.512415
-0.000014
0.000000
1.000000
123.312592
0.735581
140.727158
1.0
1.0
1.0
1.0
-0.000000
1.000000
-0.000000
0.606173
0.569599
-0.000007
-0.000000
1.000000
144.887405
0.735581
119.152351
1.0
1.0
1.0
1.0
-0.000000
1.000000
-0.000000
0.585769
0.590003
-0.000007
-0.000000
1.000000
62.848190
0.735581
72.094788
1.0
1.0
1.0
1.0
-0.000000
1.000000
-0.000000
0.541265
0.512415
-0.000007
-0.000000
1.000000
144.887405
0.735581
119.152351
1.0
1.0
1.0
1.0
-0.000000
1.000000
-0.000000
0.585769
0.590003
0.000040
0.000000
1.000000
73.870583
0.735581
61.072300
1.0
1.0
1.0
1.0
-0.000000
1.000000
-0.000000
0.530841
0.522840
0.000040
0.000000
1.000000
62.848190
0.735581
72.094788
1.0
1.0
1.0
1.0
-0.000000
1.000000
-0.000000
0.541265
0.512415
0.000040
0.000000
1.000000
73.870583
0.735581
61.072300
1.0
1.0
1.0
1.0
-0.000000
1.000000
-0.000000
0.530841
0.522840
0.000000
0.000000
1.000000
144.887405
0.735581
119.152351
1.0
1.0
1.0
1.0
-0.000000
1.000000
-0.000000
0.585769
0.590003
0.000000
0.000000
1.000000
73.870583
0.735581
-61.072300
1.0
1.0
1.0
1.0
-0.000000
1.000000
-0.000000
0.415324
0.522840
0.000000
0.000000
1.000000
144.887405
0.735581
119.152351
1.0
1.0
1.0
1.0
-0.000000
1.000000
-0.000000
0.585769
0.590003
0.000000
-0.000000
1.000000
144.887405
0.735581
-119.927345
1.0
1.0
1.0
1.0
-0.000000
1.000000
-0.000000
0.359662
0.590003
0.000000
-0.000000
1.000000
73.870583
0.735581
-61.072300
1.0
1.0
1.0
1.0
-0.000000
1.000000
-0.000000
0.415324
0.522840
0.000000
-0.000000
1.000000
62.848190
0.735581
-72.094788
1.0
1.0
1.0
1.0
-0.000000
1.000000
-0.000000
0.404899
0.512415
-0.000039
0.000000
1.000000
73.870583
0.735581
-61.072300
1.0
1.0
1.0
1.0
-0.000000
1.000000
-0.000000
0.415324
0.522840
-0.000039
0.000000
1.000000
144.887405
0.735581
-119.927345
1.0
1.0
1.0
1.0
-0.000000
1.000000
-0.000000
0.359662
0.590003
-0.000039
0.000000
1.000000
123.312592
0.735581
-141.502167
1.0
1.0
1.0
1.0
-0.000000
1.000000
-0.000000
0.339258
0.569599
0.000007
0.000000
1.000000
62.848190
0.735581
-72.094788
1.0
1.0
1.0
1.0
-0.000000
1.000000
-0.000000
0.404899
0.512415
0.000007
0.000000
1.000000
144.887405
0.735581
-119.927345
1.0
1.0
1.0
1.0
-0.000000
1.000000
-0.000000
0.359662
0.590003
0.000007
0.000000
1.000000
-62.848198
0.735581
-72.094788
1.0
1.0
1.0
1.0
-0.000000
1.000000
-0.000000
0.404899
0.393540
-0.000020
-0.000000
1.000000
62.848190
0.735581
-72.094788
1.0
1.0
1.0
1.0
-0.000000
1.000000
-0.000000
0.404899
0.512415
-0.000020
-0.000000
1.000000
-122.719025
0.735581
-141.502167
1.0
1.0
1.0
1.0
-0.000000
1.000000
-0.000000
0.339258
0.336917
-0.000020
-0.000000
1.000000
123.312592
0.735581
-141.502167
1.0
1.0
1.0
1.0
-0.000000
1.000000
-0.000000
0.339258
0.569599
0.000006
0.000000
1.000000
-122.719025
0.735581
-141.502167
1.0
1.0
1.0
1.0
-0.000000
1.000000
-0.000000
0.339258
0.336917
0.000006
0.000000
1.000000
62.848190
0.735581
-72.094788
1.0
1.0
1.0
1.0
-0.000000
1.000000
-0.000000
0.404899
0.512415
0.000006
0.000000
1.000000
144.887405
0.735581
119.152351
1.0
1.0
1.0
1.0
0.707100
-0.004700
0.707100
0.284156
0.014340
-0.612953
0.494520
0.616229
123.264580
-15.638863
140.666702
1.0
1.0
1.0
1.0
0.707100
-0.004700
0.707100
0.295397
0.048738
-0.612953
0.494520
0.616229
144.839386
-15.638863
119.091896
1.0
1.0
1.0
1.0
0.707100
-0.004700
0.707100
0.275109
0.031034
-0.612953
0.494520
0.616229
-144.341888
-15.638863
119.091896
1.0
1.0
1.0
1.0
-1.000000
0.002900
-0.000000
0.272254
0.293768
0.000197
0.067114
0.997745
-144.293869
0.735581
-119.927345
1.0
1.0
1.0
1.0
-1.000000
0.002900
-0.000000
0.046875
0.330107
0.000197
0.067114
0.997745
-144.341888
-15.638863
-119.987801
1.0
1.0
1.0
1.0
-1.000000
0.002900
-0.000000
0.053996
0.311776
0.000197
0.067114
0.997745
73.870583
0.735581
-61.072300
1.0
1.0
1.0
1.0
-0.707100
-0.000000
0.707100
0.272742
0.734216
-0.506361
-0.697991
-0.506366
62.848194
-15.638863
-72.094795
1.0
1.0
1.0
1.0
-0.707100
-0.000000
0.707100
0.301829
0.735546
-0.506361
-0.697991
-0.506366
73.870583
-15.638863
-61.072292
1.0
1.0
1.0
1.0
-0.707100
-0.000000
0.707100
0.282516
0.752661
-0.506361
-0.697991
-0.506366
-122.767044
-15.638863
140.666702
1.0
1.0
1.0
1.0
-0.707100
-0.000500
0.707100
0.290199
0.271091
0.558486
0.612918
0.558950
-144.293869
0.735581
119.152351
1.0
1.0
1.0
1.0
-0.707100
-0.000500
0.707100
0.283944
0.309400
0.558486
0.612918
0.558950
-144.341888
-15.638863
119.091896
1.0
1.0
1.0
1.0
-0.707100
-0.000500
0.707100
0.272254
0.293768
0.558486
0.612918
0.558950
73.870583
0.735581
61.072300
1.0
1.0
1.0
1.0
-1.000000
-0.000000
-0.000000
0.164439
0.731418
-0.000000
0.042021
-0.999117
73.870583
-15.638863
-61.072292
1.0
1.0
1.0
1.0
-1.000000
-0.000000
-0.000000
0.282516
0.752661
-0.000000
0.042021
-0.999117
73.870590
-15.638863
61.072300
1.0
1.0
1.0
1.0
-1.000000
-0.000000
-0.000000
0.151703
0.747588
-0.000000
0.042021
-0.999117
62.848190
0.735581
72.094788
1.0
1.0
1.0
1.0
-0.707100
-0.000000
-0.707100
0.154901
0.720295
0.284889
0.915246
-0.284892
73.870590
-15.638863
61.072300
1.0
1.0
1.0
1.0
-0.707100
-0.000000
-0.707100
0.151703
0.747588
0.284889
0.915246
-0.284892
62.848194
-15.638863
72.094795
1.0
1.0
1.0
1.0
-0.707100
-0.000000
-0.707100
0.136824
0.728925
0.284889
0.915246
-0.284892
62.848194
-15.638863
-72.094795
1.0
1.0
1.0
1.0
-0.000000
-0.000000
1.000000
0.301829
0.735546
0.461175
-0.887309
-0.000000
-62.848198
0.735581
-72.094788
1.0
1.0
1.0
1.0
-0.000000
-0.000000
1.000000
0.281252
0.610475
0.461175
-0.887309
-0.000000
-62.848194
-16.283873
-72.094795
1.0
1.0
1.0
1.0
-0.000000
-0.000000
1.000000
0.297533
0.601034
0.461175
-0.887309
-0.000000
144.887405
0.735581
-119.927345
1.0
1.0
1.0
1.0
1.000000
-0.002900
-0.000000
0.044206
0.016233
-0.000032
-0.010856
0.999941
144.839386
-15.638863
119.091896
1.0
1.0
1.0
1.0
1.000000
-0.002900
-0.000000
0.275109
0.031034
-0.000032
-0.010856
0.999941
144.839386
-15.638863
-119.987801
1.0
1.0
1.0
1.0
1.000000
-0.002900
-0.000000
0.052306
0.033822
-0.000032
-0.010856
0.999941
-73.870598
0.735581
61.072300
1.0
1.0
1.0
1.0
0.707900
-0.009600
-0.706200
0.163572
0.594466
-0.509678
0.685304
-0.520179
-63.276550
-15.638863
71.913498
1.0
1.0
1.0
1.0
0.707900
-0.009600
-0.706200
0.136824
0.592167
-0.509678
0.685304
-0.520179
-74.041695
-15.638863
61.122761
1.0
1.0
1.0
1.0
0.707900
-0.009600
-0.706200
0.154834
0.576543
-0.509678
0.685304
-0.520179
-122.719025
0.735581
-141.502167
1.0
1.0
1.0
1.0
-0.000000
0.003700
-1.000000
0.014340
0.302183
-0.573322
-0.819325
-0.003025
123.264580
-15.638863
-141.562622
1.0
1.0
1.0
1.0
-0.000000
0.003700
-1.000000
0.031992
0.055278
-0.573322
-0.819325
-0.003025
-122.767044
-15.638863
-141.562622
1.0
1.0
1.0
1.0
-0.000000
0.003700
-1.000000
0.033676
0.291240
-0.573322
-0.819325
-0.003025
123.312592
0.735581
-141.502167
1.0
1.0
1.0
1.0
0.707100
0.000500
-0.707100
0.014340
0.044994
0.469926
-0.747578
0.469358
144.839386
-15.638863
-119.987801
1.0
1.0
1.0
1.0
0.707100
0.000500
-0.707100
0.052306
0.033822
0.469926
-0.747578
0.469358
123.264580
-15.638863
-141.562622
1.0
1.0
1.0
1.0
0.707100
0.000500
-0.707100
0.031992
0.055278
0.469926
-0.747578
0.469358
-62.848198
0.735581
-72.094788
1.0
1.0
1.0
1.0
0.707100
-0.000000
0.707100
0.281252
0.610475
0.322360
-0.890037
-0.322364
-73.870598
-16.201563
-61.072292
1.0
1.0
1.0
1.0
0.707100
-0.000000
0.707100
0.282634
0.584198
0.322360
-0.890037
-0.322364
-62.848194
-16.283873
-72.094795
1.0
1.0
1.0
1.0
0.707100
-0.000000
0.707100
0.297533
0.601034
0.322360
-0.890037
-0.322364
-62.848198
0.735581
72.094788
1.0
1.0
1.0
1.0
0.001400
0.011000
-0.999900
0.153767
0.604710
-0.562456
0.826786
0.008314
62.848194
-15.638863
72.094795
1.0
1.0
1.0
1.0
0.001400
0.011000
-0.999900
0.136824
0.728925
-0.562456
0.826786
0.008314
-63.276550
-15.638863
71.913498
1.0
1.0
1.0
1.0
0.001400
0.011000
-0.999900
0.136824
0.592167
-0.562456
0.826786
0.008314
-144.341888
-15.638863
-119.987801
1.0
1.0
1.0
1.0
-0.707100
0.004700
-0.707100
0.053996
0.311776
-0.500435
-0.709799
0.495732
-122.719025
0.735581
-141.502167
1.0
1.0
1.0
1.0
-0.707100
0.004700
-0.707100
0.014340
0.302183
-0.500435
-0.709799
0.495732
-122.767044
-15.638863
-141.562622
1.0
1.0
1.0
1.0
-0.707100
0.004700
-0.707100
0.033676
0.291240
-0.500435
-0.709799
0.495732
123.264580
-15.638863
140.666702
1.0
1.0
1.0
1.0
-0.000000
-0.003700
1.000000
0.295397
0.048738
0.410878
0.911684
0.003366
-122.719025
0.735581
140.727158
1.0
1.0
1.0
1.0
-0.000000
-0.003700
1.000000
0.307386
0.277717
0.410878
0.911684
0.003366
-122.767044
-15.638863
140.666702
1.0
1.0
1.0
1.0
-0.000000
-0.003700
1.000000
0.290199
0.271091
0.410878
0.911684
0.003366
-73.870598
0.735581
-61.072300
1.0
1.0
1.0
1.0
1.000000
-0.000000
0.001400
0.270713
0.600414
0.001397
-0.069865
-0.997555
-74.041695
-15.638863
61.122761
1.0
1.0
1.0
1.0
1.000000
-0.000000
0.001400
0.154834
0.576543
0.001397
-0.069865
-0.997555
-73.870598
-16.201563
-61.072292
1.0
1.0
1.0
1.0
1.000000
-0.000000
0.001400
0.282634
0.584198
0.001397
-0.069865
-0.997555
87.727554
83.531311
96.040848
1.0
1.0
1.0
1.0
-1.000000
-0.000000
-0.000000
0.919502
0.355797
0.000000
0.000000
1.000000
87.727554
0.735581
53.266933
1.0
1.0
1.0
1.0
-1.000000
-0.000000
-0.000000
0.879049
0.277494
0.000000
0.000000
1.000000
87.727554
0.735581
96.040848
1.0
1.0
1.0
1.0
-1.000000
-0.000000
-0.000000
0.919502
0.277494
0.000000
0.000000
1.000000
87.727554
83.531311
53.266933
1.0
1.0
1.0
1.0
-0.000000
-0.000000
-1.000000
0.789494
0.849846
1.000000
0.000000
0.000000
125.715805
0.735581
53.266933
1.0
1.0
1.0
1.0
-0.000000
-0.000000
-1.000000
0.825421
0.928149
1.000000
0.000000
0.000000
87.727554
0.735581
53.266933
1.0
1.0
1.0
1.0
-0.000000
-0.000000
-1.000000
0.789494
0.928149
1.000000
0.000000
0.000000
125.715805
83.531311
53.266933
1.0
1.0
1.0
1.0
1.000000
-0.000000
-0.000000
0.922221
0.232842
0.000000
0.000000
-1.000000
125.715805
0.735581
96.040848
1.0
1.0
1.0
1.0
1.000000
-0.000000
-0.000000
0.881768
0.154539
0.000000
0.000000
-1.000000
125.715805
0.735581
53.266933
1.0
1.0
1.0
1.0
1.000000
-0.000000
-0.000000
0.922221
0.154539
0.000000
0.000000
-1.000000
125.715805
83.531311
96.040848
1.0
1.0
1.0
1.0
-0.000000
-0.000000
1.000000
0.934217
0.473031
1.000000
0.000000
0.000000
87.727554
0.735581
96.040848
1.0
1.0
1.0
1.0
-0.000000
-0.000000
1.000000
0.898290
0.394728
1.000000
0.000000
0.000000
125.715805
0.735581
96.040848
1.0
1.0
1.0
1.0
-0.000000
-0.000000
1.000000
0.934217
0.394728
1.000000
0.000000
0.000000
87.727554
83.531311
53.266933
1.0
1.0
1.0
1.0
-0.000000
1.000000
-0.000000
0.246564
0.936915
1.000000
0.000000
0.000000
125.715805
83.531311
96.040848
1.0
1.0
1.0
1.0
-0.000000
1.000000
-0.000000
0.282491
0.896462
1.000000
0.000000
0.000000
125.715805
83.531311
53.266933
1.0
1.0
1.0
1.0
-0.000000
1.000000
-0.000000
0.282491
0.936915
1.000000
0.000000
0.000000
79.998741
100.419312
12.819863
1.0
1.0
1.0
1.0
-1.000000
-0.000000
-0.000000
0.095300
0.832900
0.000000
0.000000
1.000000
79.998741
0.735581
-24.918423
1.0
1.0
1.0
1.0
-1.000000
-0.000000
-0.000000
0.059609
0.738625
0.000000
0.000000
1.000000
79.998741
0.735581
12.819863
1.0
1.0
1.0
1.0
-1.000000
-0.000000
-0.000000
0.095300
0.738625
0.000000
0.000000
1.000000
79.998741
100.419312
-24.918423
1.0
1.0
1.0
1.0
-0.000000
-0.000000
-1.000000
0.847501
0.108615
-1.000000
0.000000
0.000000
112.145508
0.735581
-24.918423
1.0
1.0
1.0
1.0
-0.000000
-0.000000
-1.000000
0.817098
0.014340
-1.000000
0.000000
0.000000
79.998741
0.735581
-24.918423
1.0
1.0
1.0
1.0
-0.000000
-0.000000
-1.000000
0.847501
0.014340
-1.000000
0.000000
0.000000
112.145508
100.419312
-24.918423
1.0
1.0
1.0
1.0
1.000000
-0.000000
-0.000000
0.670547
0.840976
0.000000
0.000000
-1.000000
112.145508
0.735581
12.819863
1.0
1.0
1.0
1.0
1.000000
-0.000000
-0.000000
0.634857
0.746701
0.000000
0.000000
-1.000000
112.145508
0.735581
-24.918423
1.0
1.0
1.0
1.0
1.000000
-0.000000
-0.000000
0.670547
0.746701
0.000000
0.000000
-1.000000
112.145508
100.419312
12.819863
1.0
1.0
1.0
1.0
-0.000000
-0.000000
1.000000
0.853088
0.248813
1.000000
0.000000
0.000000
79.998741
0.735581
12.819863
1.0
1.0
1.0
1.0
-0.000000
-0.000000
1.000000
0.822686
0.154539
1.000000
0.000000
0.000000
112.145508
0.735581
12.819863
1.0
1.0
1.0
1.0
-0.000000
-0.000000
1.000000
0.853088
0.154539
1.000000
0.000000
0.000000
79.998741
100.419312
-24.918423
1.0
1.0
1.0
1.0
-0.000000
1.000000
-0.000000
0.903731
0.943706
1.000000
0.000000
0.000000
112.145508
100.419312
12.819863
1.0
1.0
1.0
1.0
-0.000000
1.000000
-0.000000
0.934134
0.908016
1.000000
0.000000
0.000000
112.145508
100.419312
-24.918423
1.0
1.0
1.0
1.0
-0.000000
1.000000
-0.000000
0.934134
0.943706
1.000000
0.000000
0.000000
-26.862047
118.652115
107.267761
1.0
1.0
1.0
1.0
-1.000000
-0.000000
-0.000000
0.788418
0.125858
0.000000
0.000000
1.000000
-26.862047
0.735581
83.607208
1.0
1.0
1.0
1.0
-1.000000
-0.000000
-0.000000
0.766041
0.014340
0.000000
0.000000
1.000000
-26.862047
0.735581
107.267761
1.0
1.0
1.0
1.0
-1.000000
-0.000000
-0.000000
0.788418
0.014340
0.000000
0.000000
1.000000
-26.862047
118.652115
83.607208
1.0
1.0
1.0
1.0
-0.000000
-0.000000
-1.000000
0.778749
0.696268
-1.000000
0.000000
0.000000
43.640751
0.735581
83.607208
1.0
1.0
1.0
1.0
-0.000000
-0.000000
-1.000000
0.712071
0.584750
-1.000000
0.000000
0.000000
-26.862047
0.735581
83.607208
1.0
1.0
1.0
1.0
-0.000000
-0.000000
-1.000000
0.778749
0.584750
-1.000000
0.000000
0.000000
43.640751
118.652115
83.607208
1.0
1.0
1.0
1.0
1.000000
-0.000000
-0.000000
0.582452
0.730201
0.000000
0.000000
-1.000000
43.640751
0.735581
107.267761
1.0
1.0
1.0
1.0
1.000000
-0.000000
-0.000000
0.560075
0.618683
0.000000
0.000000
-1.000000
43.640751
0.735581
83.607208
1.0
1.0
1.0
1.0
1.000000
-0.000000
-0.000000
0.582452
0.618683
0.000000
0.000000
-1.000000
43.640751
118.652115
107.267761
1.0
1.0
1.0
1.0
-0.000000
-0.000000
1.000000
0.819637
0.506246
1.000000
0.000000
0.000000
-26.862047
0.735581
107.267761
1.0
1.0
1.0
1.0
-0.000000
-0.000000
1.000000
0.752960
0.394728
1.000000
0.000000
0.000000
43.640751
0.735581
107.267761
1.0
1.0
1.0
1.0
-0.000000
-0.000000
1.000000
0.819637
0.394728
1.000000
0.000000
0.000000
-26.862047
118.652115
83.607208
1.0
1.0
1.0
1.0
-0.000000
1.000000
-0.000000
0.910029
0.680752
0.000000
0.000000
1.000000
43.640751
118.652115
107.267761
1.0
1.0
1.0
1.0
-0.000000
1.000000
-0.000000
0.932405
0.747430
0.000000
0.000000
1.000000
43.640751
118.652115
83.607208
1.0
1.0
1.0
1.0
-0.000000
1.000000
-0.000000
0.910029
0.747430
0.000000
0.000000
1.000000
-134.510300
0.735581
108.681931
1.0
1.0
1.0
1.0
-1.000000
0.007600
-0.000000
0.393344
0.618872
-0.000027
-0.003494
0.999994
-133.566849
124.426651
51.924137
1.0
1.0
1.0
1.0
-1.000000
0.007600
-0.000000
0.339258
0.735667
-0.000027
-0.003494
0.999994
-134.510300
0.735581
51.492821
1.0
1.0
1.0
1.0
-1.000000
0.007600
-0.000000
0.339258
0.618683
-0.000027
-0.003494
0.999994
-133.566849
124.426651
51.924137
1.0
1.0
1.0
1.0
-0.000000
0.003500
-1.000000
0.724280
0.511711
-0.999971
0.007631
0.000027
-106.380226
0.735581
51.492821
1.0
1.0
1.0
1.0
-0.000000
0.003500
-1.000000
0.697677
0.394931
-0.999971
0.007631
0.000027
-134.510300
0.735581
51.492821
1.0
1.0
1.0
1.0
-0.000000
0.003500
-1.000000
0.724280
0.394728
-0.999971
0.007631
0.000027
-105.436775
124.201424
51.924137
1.0
1.0
1.0
1.0
1.000000
-0.007600
-0.000000
0.476110
0.735454
0.000027
0.003494
-0.999994
-106.380226
0.735581
108.681931
1.0
1.0
1.0
1.0
1.000000
-0.007600
-0.000000
0.422024
0.618872
0.000027
0.003494
-0.999994
-106.380226
0.735581
51.492821
1.0
1.0
1.0
1.0
1.000000
-0.007600
-0.000000
0.476110
0.618683
0.000027
0.003494
-0.999994
-106.380226
0.735581
108.681931
1.0
1.0
1.0
1.0
-0.000000
-0.003500
1.000000
0.531393
0.618886
0.999971
-0.007630
-0.000027
-133.566849
124.426651
109.113251
1.0
1.0
1.0
1.0
-0.000000
-0.003500
1.000000
0.504790
0.735667
0.999971
-0.007630
-0.000027
-134.510300
0.735581
108.681931
1.0
1.0
1.0
1.0
-0.000000
-0.003500
1.000000
0.504790
0.618683
0.999971
-0.007630
-0.000027
-133.566849
124.426651
51.924137
1.0
1.0
1.0
1.0
0.008000
1.000000
-0.000000
0.924895
0.501711
-0.999968
0.008006
0.000000
-105.436775
124.201424
109.113251
1.0
1.0
1.0
1.0
0.008000
1.000000
-0.000000
0.898290
0.555797
-0.999968
0.008006
0.000000
-105.436775
124.201424
51.924137
1.0
1.0
1.0
1.0
0.008000
1.000000
-0.000000
0.898290
0.501711
-0.999968
0.008006
0.000000
88.689507
34.572044
-26.680822
1.0
1.0
1.0
1.0
-1.000000
-0.000000
-0.000000
0.925811
0.113747
0.000000
-1.000000
-0.000000
88.689507
0.735581
-64.073097
1.0
1.0
1.0
1.0
-1.000000
-0.000000
-0.000000
0.957812
0.078384
0.000000
-1.000000
-0.000000
88.689507
0.735581
-26.680824
1.0
1.0
1.0
1.0
-1.000000
-0.000000
-0.000000
0.957812
0.113747
0.000000
-1.000000
-0.000000
88.689507
34.572044
-64.073097
1.0
1.0
1.0
1.0
-0.000000
-0.000000
-1.000000
0.738594
0.985389
-1.000000
0.000000
0.000000
116.734245
0.735581
-64.073097
1.0
1.0
1.0
1.0
-0.000000
-0.000000
-1.000000
0.712071
0.953389
-1.000000
0.000000
0.000000
88.689507
0.735581
-64.073097
1.0
1.0
1.0
1.0
-0.000000
-0.000000
-1.000000
0.738594
0.953389
-1.000000
0.000000
0.000000
116.734245
34.572044
-64.073097
1.0
1.0
1.0
1.0
1.000000
-0.000000
-0.000000
0.925811
0.049703
0.000000
-1.000000
0.000000
116.734245
0.735581
-26.680824
1.0
1.0
1.0
1.0
1.000000
-0.000000
-0.000000
0.957812
0.014340
0.000000
-1.000000
0.000000
116.734245
0.735581
-64.073097
1.0
1.0
1.0
1.0
1.000000
-0.000000
-0.000000
0.957812
0.049703
0.000000
-1.000000
0.000000
116.734245
34.572044
-26.680822
1.0
1.0
1.0
1.0
-0.000000
-0.000000
1.000000
0.982986
0.844124
1.000000
0.000000
0.000000
88.689507
0.735581
-26.680824
1.0
1.0
1.0
1.0
-0.000000
-0.000000
1.000000
0.956463
0.812124
1.000000
0.000000
0.000000
116.734245
0.735581
-26.680824
1.0
1.0
1.0
1.0
-0.000000
-0.000000
1.000000
0.982986
0.812124
1.000000
0.000000
0.000000
88.689507
34.572044
-64.073097
1.0
1.0
1.0
1.0
-0.000000
1.000000
-0.000000
0.948182
0.312857
1.000000
0.000000
0.000000
116.734245
34.572044
-26.680822
1.0
1.0
1.0
1.0
-0.000000
1.000000
-0.000000
0.974705
0.277494
1.000000
0.000000
0.000000
116.734245
34.572044
-64.073097
1.0
1.0
1.0
1.0
-0.000000
1.000000
-0.000000
0.974705
0.312857
1.000000
0.000000
0.000000
33.531780
95.981621
-85.113838
1.0
1.0
1.0
1.0
-1.000000
-0.000000
-0.000000
0.476110
0.854401
0.000000
0.000000
1.000000
33.531780
0.735581
-111.226700
1.0
1.0
1.0
1.0
-1.000000
-0.000000
-0.000000
0.451414
0.764323
0.000000
0.000000
1.000000
33.531780
0.735581
-85.113838
1.0
1.0
1.0
1.0
-1.000000
-0.000000
-0.000000
0.476110
0.764323
0.000000
0.000000
1.000000
33.531780
95.981621
-111.226700
1.0
1.0
1.0
1.0
-0.000000
-0.000000
-1.000000
0.504790
0.764347
1.000000
0.000000
0.000000
107.788780
0.735581
-111.226700
1.0
1.0
1.0
1.0
-0.000000
-0.000000
-1.000000
0.575018
0.854425
1.000000
0.000000
0.000000
33.531780
0.735581
-111.226700
1.0
1.0
1.0
1.0
-0.000000
-0.000000
-1.000000
0.504790
0.854425
1.000000
0.000000
0.000000
107.788780
95.981621
-111.226700
1.0
1.0
1.0
1.0
1.000000
-0.000000
-0.000000
0.161520
0.871420
0.000000
0.000000
-1.000000
107.788780
0.735581
-85.113838
1.0
1.0
1.0
1.0
1.000000
-0.000000
-0.000000
0.136824
0.781342
0.000000
0.000000
-1.000000
107.788780
0.735581
-111.226700
1.0
1.0
1.0
1.0
1.000000
-0.000000
-0.000000
0.161520
0.781342
0.000000
0.000000
-1.000000
107.788780
95.981621
-85.113838
1.0
1.0
1.0
1.0
-0.000000
-0.000000
1.000000
0.409486
0.854613
1.000000
0.000000
0.000000
33.531780
0.735581
-85.113838
1.0
1.0
1.0
1.0
-0.000000
-0.000000
1.000000
0.339258
0.764536
1.000000
0.000000
0.000000
107.788780
0.735581
-85.113838
1.0
1.0
1.0
1.0
-0.000000
-0.000000
1.000000
0.409486
0.764536
1.000000
0.000000
0.000000
33.531780
95.981621
-111.226700
1.0
1.0
1.0
1.0
-0.000000
1.000000
-0.000000
0.790737
0.357314
0.000000
0.000000
-1.000000
107.788780
95.981621
-85.113838
1.0
1.0
1.0
1.0
-0.000000
1.000000
-0.000000
0.766042
0.287087
0.000000
0.000000
-1.000000
107.788780
95.981621
-111.226700
1.0
1.0
1.0
1.0
-0.000000
1.000000
-0.000000
0.790737
0.287087
0.000000
0.000000
-1.000000
-30.405870
141.653000
-81.822403
1.0
1.0
1.0
1.0
-1.000000
-0.000000
-0.000000
0.737361
0.147611
0.000000
0.000000
1.000000
-30.405870
0.735581
-125.759003
1.0
1.0
1.0
1.0
-1.000000
-0.000000
-0.000000
0.695809
0.014340
0.000000
0.000000
1.000000
-30.405870
0.735581
-81.822403
1.0
1.0
1.0
1.0
-1.000000
-0.000000
-0.000000
0.737361
0.014340
0.000000
0.000000
1.000000
-30.405870
141.653000
-125.759010
1.0
1.0
1.0
1.0
-0.000000
-0.000000
-1.000000
0.108144
0.709945
-1.000000
0.000000
0.000000
20.913193
0.735581
-125.759003
1.0
1.0
1.0
1.0
-0.000000
-0.000000
-1.000000
0.059609
0.576674
-1.000000
0.000000
0.000000
-30.405870
0.735581
-125.759003
1.0
1.0
1.0
1.0
-0.000000
-0.000000
-1.000000
0.108144
0.576674
-1.000000
0.000000
0.000000
20.913193
141.653000
-125.759010
1.0
1.0
1.0
1.0
1.000000
-0.000000
-0.000000
0.737361
0.309562
0.000000
0.000000
-1.000000
20.913193
0.735581
-81.822403
1.0
1.0
1.0
1.0
1.000000
-0.000000
-0.000000
0.695809
0.176291
0.000000
0.000000
-1.000000
20.913193
0.735581
-125.759003
1.0
1.0
1.0
1.0
1.000000
-0.000000
-0.000000
0.737361
0.176291
0.000000
0.000000
-1.000000
20.913193
141.653000
-81.822403
1.0
1.0
1.0
1.0
-0.000000
-0.000000
1.000000
0.683391
0.718021
1.000000
0.000000
0.000000
-30.405870
0.735581
-81.822403
1.0
1.0
1.0
1.0
-0.000000
-0.000000
1.000000
0.634857
0.584750
1.000000
0.000000
0.000000
20.913193
0.735581
-81.822403
1.0
1.0
1.0
1.0
-0.000000
-0.000000
1.000000
0.683391
0.584750
1.000000
0.000000
0.000000
-30.405870
141.653000
-125.759010
1.0
1.0
1.0
1.0
-0.000000
1.000000
-0.000000
0.603556
0.931640
0.000000
0.000000
-1.000000
20.913193
141.653000
-81.822403
1.0
1.0
1.0
1.0
-0.000000
1.000000
-0.000000
0.562004
0.883105
0.000000
0.000000
-1.000000
20.913193
141.653000
-125.759010
1.0
1.0
1.0
1.0
-0.000000
1.000000
-0.000000
0.603556
0.883105
0.000000
0.000000
-1.000000
-73.525879
0.735581
-83.521927
1.0
1.0
1.0
1.0
-1.000000
-0.005000
-0.000000
0.875047
0.812407
0.000068
-0.013510
0.999909
-73.975021
90.616348
-104.454430
1.0
1.0
1.0
1.0
-1.000000
-0.005000
-0.000000
0.854101
0.897136
0.000068
-0.013510
0.999909
-73.525879
0.735581
-105.671616
1.0
1.0
1.0
1.0
-1.000000
-0.005000
-0.000000
0.854101
0.812124
0.000068
-0.013510
0.999909
-73.525879
0.735581
-105.671616
1.0
1.0
1.0
1.0
0.000100
0.013500
-0.999900
0.881347
0.584886
-0.999988
-0.004991
-0.000138
-45.165123
90.763687
-104.452377
1.0
1.0
1.0
1.0
0.000100
0.013500
-0.999900
0.854101
0.669901
-0.999988
-0.004991
-0.000138
-44.715981
0.735581
-105.669579
1.0
1.0
1.0
1.0
0.000100
0.013500
-0.999900
0.854101
0.584750
-0.999988
-0.004991
-0.000138
-45.165123
90.763687
-104.452377
1.0
1.0
1.0
1.0
1.000000
0.005000
-0.000000
0.897131
0.099492
-0.000067
0.013510
-0.999909
-44.715981
0.735581
-83.519882
1.0
1.0
1.0
1.0
1.000000
0.005000
-0.000000
0.876185
0.014623
-0.000067
0.013510
-0.999909
-44.715981
0.735581
-105.669579
1.0
1.0
1.0
1.0
1.000000
0.005000
-0.000000
0.897131
0.014340
-0.000067
0.013510
-0.999909
-45.165123
90.456642
-82.302696
1.0
1.0
1.0
1.0
-0.000100
-0.013600
0.999900
0.881348
0.783443
0.999988
0.004991
0.000139
-73.525879
0.735581
-83.521927
1.0
1.0
1.0
1.0
-0.000100
-0.013600
0.999900
0.854102
0.698718
0.999988
0.004991
0.000139
-44.715981
0.735581
-83.519882
1.0
1.0
1.0
1.0
-0.000100
-0.013600
0.999900
0.881348
0.698582
0.999988
0.004991
0.000139
-73.975021
90.616348
-104.454430
1.0
1.0
1.0
1.0
-0.005100
0.999900
0.013900
0.196934
0.896372
0.000000
-0.013861
0.999904
-45.165123
90.456642
-82.302696
1.0
1.0
1.0
1.0
-0.005100
0.999900
0.013900
0.217883
0.923619
0.000000
-0.013861
0.999904
-45.165123
90.763687
-104.452377
1.0
1.0
1.0
1.0
-0.005100
0.999900
0.013900
0.196934
0.923619
0.000000
-0.013861
0.999904
-122.931519
0.735580
-70.452156
1.0
1.0
1.0
1.0
-1.000000
-0.006000
-0.000000
0.476110
0.883830
0.000125
-0.020884
0.999782
-123.318039
65.465752
-107.032860
1.0
1.0
1.0
1.0
-1.000000
-0.006000
-0.000000
0.440243
0.944313
0.000125
-0.020884
0.999782
-122.931519
0.735581
-108.373856
1.0
1.0
1.0
1.0
-1.000000
-0.006000
-0.000000
0.440254
0.883081
0.000125
-0.020884
0.999782
-122.931519
0.735581
-108.373856
1.0
1.0
1.0
1.0
0.000100
0.020700
-0.999800
0.533323
0.883276
-0.999982
-0.005992
-0.000195
-93.148071
65.620056
-107.030716
1.0
1.0
1.0
1.0
0.000100
0.020700
-0.999800
0.504790
0.944483
-0.999982
-0.005992
-0.000195
-92.761551
0.735581
-108.371712
1.0
1.0
1.0
1.0
0.000100
0.020700
-0.999800
0.504791
0.883105
-0.999982
-0.005992
-0.000195
-93.148071
65.620056
-107.030716
1.0
1.0
1.0
1.0
1.000000
0.006000
-0.000000
0.670723
0.931034
-0.000123
0.020661
-0.999787
-92.761551
0.735580
-70.450012
1.0
1.0
1.0
1.0
1.000000
0.006000
-0.000000
0.634867
0.870397
-0.000123
0.020661
-0.999787
-92.761551
0.735581
-108.371712
1.0
1.0
1.0
1.0
1.000000
0.006000
-0.000000
0.670723
0.869656
-0.000123
0.020661
-0.999787
-93.148071
65.094368
-69.109009
1.0
1.0
1.0
1.0
-0.000100
-0.020800
0.999800
0.367791
0.944175
0.999982
0.005992
0.000196
-122.931519
0.735580
-70.452156
1.0
1.0
1.0
1.0
-0.000100
-0.020800
0.999800
0.339259
0.883465
0.999982
0.005992
0.000196
-92.761551
0.735580
-70.450012
1.0
1.0
1.0
1.0
-0.000100
-0.020800
0.999800
0.367791
0.883294
0.999982
0.005992
0.000196
-93.148071
65.620056
-107.030716
1.0
1.0
1.0
1.0
-0.005100
0.999900
0.013900
0.136824
0.900100
-0.999987
-0.005114
-0.000071
-123.318039
64.940079
-69.111153
1.0
1.0
1.0
1.0
-0.005100
0.999900
0.013900
0.165357
0.935967
-0.999987
-0.005114
-0.000071
-93.148071
65.094368
-69.109009
1.0
1.0
1.0
1.0
-0.005100
0.999900
0.013900
0.136824
0.935967
-0.999987
-0.005114
-0.000071
-104.162849
0.735581
70.385857
1.0
1.0
1.0
1.0
-1.000000
-0.004400
-0.000000
0.217883
0.781345
0.000000
-0.000108
1.000000
-104.561790
91.901230
41.123791
1.0
1.0
1.0
1.0
-1.000000
-0.004400
-0.000000
0.190200
0.867561
0.000000
-0.000108
1.000000
-104.162849
0.735581
41.114620
1.0
1.0
1.0
1.0
-1.000000
-0.004400
-0.000000
0.190200
0.781342
0.000000
-0.000108
1.000000
-104.162849
0.735581
41.114620
1.0
1.0
1.0
1.0
-0.000000
0.000100
-1.000000
0.869610
0.394821
-0.999990
-0.004368
0.000017
-82.048187
91.986778
41.123394
1.0
1.0
1.0
1.0
-0.000000
0.000100
-1.000000
0.848318
0.481028
-0.999990
-0.004368
0.000017
-81.649246
0.735581
41.114227
1.0
1.0
1.0
1.0
-0.000000
0.000100
-1.000000
0.848318
0.394728
-0.999990
-0.004368
0.000017
-82.048187
91.986778
41.123394
1.0
1.0
1.0
1.0
1.000000
0.004400
-0.000000
0.850368
0.363794
-0.000000
0.000072
-1.000000
-81.649246
0.735581
70.385460
1.0
1.0
1.0
1.0
1.000000
0.004400
-0.000000
0.822686
0.277496
-0.000000
0.000072
-1.000000
-81.649246
0.735581
41.114227
1.0
1.0
1.0
1.0
1.000000
0.004400
-0.000000
0.850368
0.277494
-0.000000
0.000072
-1.000000
-82.048187
92.121643
70.394638
1.0
1.0
1.0
1.0
-0.000000
-0.000100
1.000000
0.267856
0.867770
0.999990
0.004368
-0.000017
-104.162849
0.735581
70.385857
1.0
1.0
1.0
1.0
-0.000000
-0.000100
1.000000
0.246564
0.781435
0.999990
0.004368
-0.000017
-81.649246
0.735581
70.385460
1.0
1.0
1.0
1.0
-0.000000
-0.000100
1.000000
0.267856
0.781342
0.999990
0.004368
-0.000017
-82.048187
91.986778
41.123394
1.0
1.0
1.0
1.0
-0.003800
1.000000
-0.004600
0.717101
0.365926
0.999993
0.003799
-0.000017
-104.561790
92.036110
70.395027
1.0
1.0
1.0
1.0
-0.003800
1.000000
-0.004600
0.695809
0.338243
0.999993
0.003799
-0.000017
-82.048187
92.121643
70.394638
1.0
1.0
1.0
1.0
-0.003800
1.000000
-0.004600
0.717101
0.338243
0.999993
0.003799
-0.000017
-126.186516
0.735581
-20.076488
1.0
1.0
1.0
1.0
-1.000000
0.007700
-0.000000
0.293447
0.358874
-0.000020
-0.002548
0.999997
-124.865578
171.510330
-55.742287
1.0
1.0
1.0
1.0
-1.000000
0.007700
-0.000000
0.259308
0.520301
-0.000020
-0.002548
0.999997
-126.186516
0.735581
-56.173603
1.0
1.0
1.0
1.0
-1.000000
0.007700
-0.000000
0.259308
0.358787
-0.000020
-0.002548
0.999997
-124.865578
171.510330
-55.742287
1.0
1.0
1.0
1.0
-0.000000
0.002500
-1.000000
0.667128
0.366048
-0.999970
0.007747
0.000020
-92.064430
0.735581
-56.173603
1.0
1.0
1.0
1.0
-0.000000
0.002500
-1.000000
0.634859
0.204784
-0.999970
0.007747
0.000020
-126.186516
0.735581
-56.173603
1.0
1.0
1.0
1.0
-0.000000
0.002500
-1.000000
0.667128
0.204534
-0.999970
0.007747
0.000020
-90.743484
171.237137
-55.742287
1.0
1.0
1.0
1.0
1.000000
-0.007700
-0.000000
0.668995
0.555983
0.000020
0.002519
-0.999997
-92.064430
0.735581
-20.076488
1.0
1.0
1.0
1.0
1.000000
-0.007700
-0.000000
0.634857
0.394814
0.000020
0.002519
-0.999997
-92.064430
0.735581
-56.173603
1.0
1.0
1.0
1.0
1.000000
-0.007700
-0.000000
0.668995
0.394728
0.000020
0.002519
-0.999997
-92.064430
0.735581
-20.076488
1.0
1.0
1.0
1.0
-0.000000
-0.002500
1.000000
0.667126
0.014590
0.999970
-0.007747
-0.000020
-124.865578
171.510330
-19.645170
1.0
1.0
1.0
1.0
-0.000000
-0.002500
1.000000
0.634857
0.175854
0.999970
-0.007747
-0.000020
-126.186516
0.735581
-20.076488
1.0
1.0
1.0
1.0
-0.000000
-0.002500
1.000000
0.634857
0.014340
0.999970
-0.007747
-0.000020
-124.865578
171.510330
-55.742287
1.0
1.0
1.0
1.0
0.008000
1.000000
-0.000000
0.950902
0.188677
0.999968
-0.008006
0.000000
-90.743484
171.237137
-19.645170
1.0
1.0
1.0
1.0
0.008000
1.000000
-0.000000
0.983173
0.154539
0.999968
-0.008006
0.000000
-90.743484
171.237137
-55.742287
1.0
1.0
1.0
1.0
0.008000
1.000000
-0.000000
0.983173
0.188677
0.999968
-0.008006
0.000000
-129.011002
200.657150
30.846733
1.0
1.0
1.0
1.0
-1.000000
-0.004100
-0.000000
0.169863
0.547863
-0.000010
0.002482
0.999997
-128.197662
0.735581
-3.593565
1.0
1.0
1.0
1.0
-1.000000
-0.004100
-0.000000
0.136825
0.358869
-0.000010
0.002482
0.999997
-128.197662
0.735581
31.340118
1.0
1.0
1.0
1.0
-1.000000
-0.004100
-0.000000
0.169863
0.358787
-0.000010
0.002482
0.999997
-128.197662
0.735581
-3.593565
1.0
1.0
1.0
1.0
-0.000000
-0.002500
-1.000000
0.230628
0.358918
-0.999992
-0.004083
0.000028
-95.085327
200.625092
-4.087543
1.0
1.0
1.0
1.0
-0.000000
-0.002500
-1.000000
0.198543
0.547832
-0.999992
-0.004083
0.000028
-94.271988
0.735581
-3.594159
1.0
1.0
1.0
1.0
-0.000000
-0.002500
-1.000000
0.198543
0.358787
-0.999992
-0.004083
0.000028
-94.271988
0.735581
-3.594159
1.0
1.0
1.0
1.0
1.000000
0.004100
-0.000000
0.047378
0.358869
0.000010
-0.002482
-0.999997
-95.085327
200.786026
30.846136
1.0
1.0
1.0
1.0
1.000000
0.004100
-0.000000
0.014340
0.547985
0.000010
-0.002482
-0.999997
-94.271988
0.735581
31.339523
1.0
1.0
1.0
1.0
1.000000
0.004100
-0.000000
0.014340
0.358787
0.000010
-0.002482
-0.999997
-95.085327
200.786026
30.846136
1.0
1.0
1.0
1.0
-0.000000
0.002500
1.000000
0.108144
0.547985
0.999992
0.004083
-0.000028
-128.197662
0.735581
31.340118
1.0
1.0
1.0
1.0
-0.000000
0.002500
1.000000
0.076059
0.358918
0.999992
0.004083
-0.000028
-94.271988
0.735581
31.339523
1.0
1.0
1.0
1.0
-0.000000
0.002500
1.000000
0.108144
0.358787
0.999992
0.004083
-0.000028
-129.011002
200.496170
-4.086949
1.0
1.0
1.0
1.0
-0.003800
1.000000
-0.004600
0.953575
0.534750
0.999993
0.003800
-0.000018
-95.085327
200.786026
30.846136
1.0
1.0
1.0
1.0
-0.003800
1.000000
-0.004600
0.985660
0.501711
0.999993
0.003800
-0.000018
-95.085327
200.625092
-4.087543
1.0
1.0
1.0
1.0
-0.003800
1.000000
-0.004600
0.985660
0.534750
0.999993
0.003800
-0.000018
-80.814720
0.735581
108.007866
1.0
1.0
1.0
1.0
-1.000000
-0.000700
-0.000000
0.931065
0.584877
0.000004
-0.006037
0.999982
-80.865562
71.784431
86.195061
1.0
1.0
1.0
1.0
-1.000000
-0.000700
-0.000000
0.910029
0.651944
0.000004
-0.006037
0.999982
-80.814720
0.735581
85.763741
1.0
1.0
1.0
1.0
-1.000000
-0.000700
-0.000000
0.910029
0.584750
0.000004
-0.006037
0.999982
-80.814720
0.735581
85.763741
1.0
1.0
1.0
1.0
-0.000000
0.006100
-1.000000
0.927782
0.812141
-1.000000
-0.000707
-0.000004
-55.434444
71.784431
86.195061
1.0
1.0
1.0
1.0
-0.000000
0.006100
-1.000000
0.903731
0.879318
-1.000000
-0.000707
-0.000004
-55.383602
0.735581
85.763741
1.0
1.0
1.0
1.0
-0.000000
0.006100
-1.000000
0.903731
0.812124
-1.000000
-0.000707
-0.000004
-55.434444
71.784431
86.195061
1.0
1.0
1.0
1.0
1.000000
0.000700
-0.000000
0.080646
0.928775
-0.000004
0.006084
-0.999981
-55.383602
0.735581
108.007866
1.0
1.0
1.0
1.0
1.000000
0.000700
-0.000000
0.059609
0.861708
-0.000004
0.006084
-0.999981
-55.383602
0.735581
85.763741
1.0
1.0
1.0
1.0
1.000000
0.000700
-0.000000
0.080646
0.861580
-0.000004
0.006084
-0.999981
-55.434444
71.784431
108.439186
1.0
1.0
1.0
1.0
-0.000000
-0.006100
1.000000
0.736122
0.924691
1.000000
0.000707
0.000004
-80.814720
0.735581
108.007866
1.0
1.0
1.0
1.0
-0.000000
-0.006100
1.000000
0.712071
0.857513
1.000000
0.000707
0.000004
-55.383602
0.735581
108.007866
1.0
1.0
1.0
1.0
-0.000000
-0.006100
1.000000
0.736122
0.857496
1.000000
0.000707
0.000004
-80.865562
71.784431
86.195061
1.0
1.0
1.0
1.0
-0.000000
1.000000
-0.000000
0.969219
0.365588
0.000000
0.000000
-1.000000
-55.434444
71.784431
108.439186
1.0
1.0
1.0
1.0
-0.000000
1.000000
-0.000000
0.948182
0.341537
0.000000
0.000000
-1.000000
-55.434444
71.784431
86.195061
1.0
1.0
1.0
1.0
-0.000000
1.000000
-0.000000
0.969219
0.341537
0.000000
0.000000
-1.000000
51.435425
110.562820
123.143860
1.0
1.0
1.0
1.0
-1.000000
-0.000000
-0.000000
0.825421
0.688617
0.000000
0.000000
1.000000
51.435425
0.735581
104.119614
1.0
1.0
1.0
1.0
-1.000000
-0.000000
-0.000000
0.807429
0.584750
0.000000
0.000000
1.000000
51.435425
0.735581
123.143860
1.0
1.0
1.0
1.0
-1.000000
-0.000000
-0.000000
0.825421
0.584750
0.000000
0.000000
1.000000
51.435425
110.562820
104.119614
1.0
1.0
1.0
1.0
-0.000000
-0.000000
-1.000000
0.740035
0.828816
-1.000000
0.000000
0.000000
81.003685
0.735581
104.119614
1.0
1.0
1.0
1.0
-0.000000
-0.000000
-1.000000
0.712071
0.724948
-1.000000
0.000000
0.000000
51.435425
0.735581
104.119614
1.0
1.0
1.0
1.0
-0.000000
-0.000000
-1.000000
0.740035
0.724948
-1.000000
0.000000
0.000000
81.003685
110.562820
104.119614
1.0
1.0
1.0
1.0
1.000000
-0.000000
-0.000000
0.825421
0.821166
0.000000
0.000000
-1.000000
81.003685
0.735581
123.143860
1.0
1.0
1.0
1.0
1.000000
-0.000000
-0.000000
0.807429
0.717298
0.000000
0.000000
-1.000000
81.003685
0.735581
104.119614
1.0
1.0
1.0
1.0
1.000000
-0.000000
-0.000000
0.825421
0.717298
0.000000
0.000000
-1.000000
81.003685
110.562820
123.143860
1.0
1.0
1.0
1.0
-0.000000
-0.000000
1.000000
0.794005
0.258406
1.000000
0.000000
0.000000
51.435425
0.735581
123.143860
1.0
1.0
1.0
1.0
-0.000000
-0.000000
1.000000
0.766041
0.154539
1.000000
0.000000
0.000000
81.003685
0.735581
123.143860
1.0
1.0
1.0
1.0
-0.000000
-0.000000
1.000000
0.794005
0.154539
1.000000
0.000000
0.000000
51.435425
110.562820
104.119614
1.0
1.0
1.0
1.0
-0.000000
1.000000
-0.000000
0.866310
0.537685
0.000000
0.000000
-1.000000
81.003685
110.562820
123.143860
1.0
1.0
1.0
1.0
-0.000000
1.000000
-0.000000
0.848318
0.509721
0.000000
0.000000
-1.000000
81.003685
110.562820
104.119614
1.0
1.0
1.0
1.0
-0.000000
1.000000
-0.000000
0.866310
0.509721
0.000000
0.000000
-1.000000
106.929932
16.410604
31.228317
1.0
1.0
1.0
1.0
-1.000000
-0.000000
-0.000000
0.740609
0.540392
0.000000
0.000000
-1.000000
106.929932
0.735581
17.424299
1.0
1.0
1.0
1.0
-1.000000
-0.000000
-0.000000
0.753664
0.555216
0.000000
0.000000
-1.000000
106.929932
0.735581
31.228317
1.0
1.0
1.0
1.0
-1.000000
-0.000000
-0.000000
0.740609
0.555216
0.000000
0.000000
-1.000000
106.929932
16.410604
17.424299
1.0
1.0
1.0
1.0
-0.000000
-0.000000
-1.000000
0.028594
0.737211
-1.000000
0.000000
0.000000
122.001190
0.735581
17.424299
1.0
1.0
1.0
1.0
-0.000000
-0.000000
-1.000000
0.014340
0.722386
-1.000000
0.000000
0.000000
106.929932
0.735581
17.424299
1.0
1.0
1.0
1.0
-0.000000
-0.000000
-1.000000
0.028594
0.722386
-1.000000
0.000000
0.000000
122.001190
16.410604
17.424299
1.0
1.0
1.0
1.0
1.000000
-0.000000
-0.000000
0.027395
0.780715
0.000000
0.000000
-1.000000
122.001190
0.735581
31.228317
1.0
1.0
1.0
1.0
1.000000
-0.000000
-0.000000
0.014340
0.765891
0.000000
0.000000
-1.000000
122.001190
0.735581
17.424299
1.0
1.0
1.0
1.0
1.000000
-0.000000
-0.000000
0.027395
0.765891
0.000000
0.000000
-1.000000
122.001190
16.410604
31.228317
1.0
1.0
1.0
1.0
-0.000000
-0.000000
1.000000
0.711929
0.555216
1.000000
0.000000
0.000000
106.929932
0.735581
31.228317
1.0
1.0
1.0
1.0
-0.000000
-0.000000
1.000000
0.697675
0.540392
1.000000
0.000000
0.000000
122.001190
0.735581
31.228317
1.0
1.0
1.0
1.0
-0.000000
-0.000000
1.000000
0.711929
0.540392
1.000000
0.000000
0.000000
106.929932
16.410604
17.424299
1.0
1.0
1.0
1.0
-0.000000
1.000000
-0.000000
0.795399
0.554645
0.000000
0.000000
-1.000000
122.001190
16.410604
31.228317
1.0
1.0
1.0
1.0
-0.000000
1.000000
-0.000000
0.782344
0.540392
0.000000
0.000000
-1.000000
122.001190
16.410604
17.424299
1.0
1.0
1.0
1.0
-0.000000
1.000000
-0.000000
0.795399
0.540392
0.000000
0.000000
-1.000000
84.367432
11.284321
27.096155
1.0
1.0
1.0
1.0
-0.000000
-0.000000
-1.000000
0.768715
0.736789
0.000000
-1.000000
0.000000
96.887138
0.735581
27.096155
1.0
1.0
1.0
1.0
-0.000000
-0.000000
-1.000000
0.778692
0.724948
0.000000
-1.000000
0.000000
84.367432
0.735581
27.096155
1.0
1.0
1.0
1.0
-0.000000
-0.000000
-1.000000
0.778692
0.736789
0.000000
-1.000000
0.000000
84.367432
11.284321
48.130970
1.0
1.0
1.0
1.0
-1.000000
-0.000000
-0.000000
0.024317
0.625239
0.000000
1.000000
-0.000000
84.367432
0.735581
27.096155
1.0
1.0
1.0
1.0
-1.000000
-0.000000
-0.000000
0.014340
0.645132
0.000000
1.000000
-0.000000
84.367432
0.735581
48.130970
1.0
1.0
1.0
1.0
-1.000000
-0.000000
-0.000000
0.014340
0.625239
0.000000
1.000000
-0.000000
96.887138
11.284321
48.130970
1.0
1.0
1.0
1.0
-0.000000
-0.000000
1.000000
0.778692
0.765469
-0.000000
1.000000
0.000000
84.367432
0.735581
48.130970
1.0
1.0
1.0
1.0
-0.000000
-0.000000
1.000000
0.768715
0.777309
-0.000000
1.000000
0.000000
96.887138
0.735581
48.130970
1.0
1.0
1.0
1.0
-0.000000
-0.000000
1.000000
0.768715
0.765469
-0.000000
1.000000
0.000000
84.367432
11.284321
27.096155
1.0
1.0
1.0
1.0
-0.000000
1.000000
-0.000000
0.026181
0.576665
-1.000000
0.000000
0.000000
96.887138
11.284321
48.130970
1.0
1.0
1.0
1.0
-0.000000
1.000000
-0.000000
0.014340
0.596558
-1.000000
0.000000
0.000000
96.887138
11.284321
27.096155
1.0
1.0
1.0
1.0
-0.000000
1.000000
-0.000000
0.014340
0.576665
-1.000000
0.000000
0.000000
96.887138
11.284321
27.096155
1.0
1.0
1.0
1.0
1.000000
-0.000000
-0.000000
0.024317
0.673812
0.000000
1.000000
0.000000
96.887138
0.735581
48.130970
1.0
1.0
1.0
1.0
1.000000
-0.000000
-0.000000
0.014340
0.693706
0.000000
1.000000
0.000000
96.887138
0.735581
27.096155
1.0
1.0
1.0
1.0
1.000000
-0.000000
-0.000000
0.014340
0.673812
0.000000
1.000000
0.000000
144.887405
0.735581
119.152351
1.0
1.0
1.0
1.0
0.707100
-0.004700
0.707100
0.284156
0.014340
-0.321446
0.888553
0.327332
123.312592
0.735581
140.727158
1.0
1.0
1.0
1.0
0.707100
-0.004700
0.707100
0.310578
0.041281
-0.321446
0.888553
0.327332
123.264580
-15.638863
140.666702
1.0
1.0
1.0
1.0
0.707100
-0.004700
0.707100
0.295397
0.048738
-0.321446
0.888553
0.327332
-144.341888
-15.638863
119.091896
1.0
1.0
1.0
1.0
-1.000000
0.002900
-0.000000
0.272254
0.293768
0.000265
0.090324
0.995912
-144.293869
0.735581
119.152351
1.0
1.0
1.0
1.0
-1.000000
0.002900
-0.000000
0.283944
0.309400
0.000265
0.090324
0.995912
-144.293869
0.735581
-119.927345
1.0
1.0
1.0
1.0
-1.000000
0.002900
-0.000000
0.046875
0.330107
0.000265
0.090324
0.995912
73.870583
0.735581
-61.072300
1.0
1.0
1.0
1.0
-0.707100
-0.000000
0.707100
0.272742
0.734216
-0.516335
-0.683221
-0.516340
62.848190
0.735581
-72.094788
1.0
1.0
1.0
1.0
-0.707100
-0.000000
0.707100
0.282472
0.723376
-0.516335
-0.683221
-0.516340
62.848194
-15.638863
-72.094795
1.0
1.0
1.0
1.0
-0.707100
-0.000000
0.707100
0.301829
0.735546
-0.516335
-0.683221
-0.516340
-122.767044
-15.638863
140.666702
1.0
1.0
1.0
1.0
-0.707100
-0.000500
0.707100
0.290199
0.271091
0.259067
0.930270
0.259773
-122.719025
0.735581
140.727158
1.0
1.0
1.0
1.0
-0.707100
-0.000500
0.707100
0.307386
0.277717
0.259067
0.930270
0.259773
-144.293869
0.735581
119.152351
1.0
1.0
1.0
1.0
-0.707100
-0.000500
0.707100
0.283944
0.309400
0.259067
0.930270
0.259773
73.870583
0.735581
61.072300
1.0
1.0
1.0
1.0
-1.000000
-0.000000
-0.000000
0.164439
0.731418
0.000000
0.020332
-0.999793
73.870583
0.735581
-61.072300
1.0
1.0
1.0
1.0
-1.000000
-0.000000
-0.000000
0.272742
0.734216
0.000000
0.020332
-0.999793
73.870583
-15.638863
-61.072292
1.0
1.0
1.0
1.0
-1.000000
-0.000000
-0.000000
0.282516
0.752661
0.000000
0.020332
-0.999793
62.848190
0.735581
72.094788
1.0
1.0
1.0
1.0
-0.707100
-0.000000
-0.707100
0.154901
0.720295
0.573137
0.585681
-0.573142
73.870583
0.735581
61.072300
1.0
1.0
1.0
1.0
-0.707100
-0.000000
-0.707100
0.164439
0.731418
0.573137
0.585681
-0.573142
73.870590
-15.638863
61.072300
1.0
1.0
1.0
1.0
-0.707100
-0.000000
-0.707100
0.151703
0.747588
0.573137
0.585681
-0.573142
62.848194
-15.638863
-72.094795
1.0
1.0
1.0
1.0
-0.000000
-0.000000
1.000000
0.301829
0.735546
-0.637512
-0.770441
-0.000000
62.848190
0.735581
-72.094788
1.0
1.0
1.0
1.0
-0.000000
-0.000000
1.000000
0.282472
0.723376
-0.637512
-0.770441
-0.000000
-62.848198
0.735581
-72.094788
1.0
1.0
1.0
1.0
-0.000000
-0.000000
1.000000
0.281252
0.610475
-0.637512
-0.770441
-0.000000
144.887405
0.735581
-119.927345
1.0
1.0
1.0
1.0
1.000000
-0.002900
-0.000000
0.044206
0.016233
-0.000023
-0.007766
0.999970
144.887405
0.735581
119.152351
1.0
1.0
1.0
1.0
1.000000
-0.002900
-0.000000
0.284156
0.014340
-0.000023
-0.007766
0.999970
144.839386
-15.638863
119.091896
1.0
1.0
1.0
1.0
1.000000
-0.002900
-0.000000
0.275109
0.031034
-0.000023
-0.007766
0.999970
-73.870598
0.735581
61.072300
1.0
1.0
1.0
1.0
0.707100
-0.010700
-0.707100
0.163572
0.594466
-0.526439
0.659651
-0.536397
-62.848198
0.735581
72.094788
1.0
1.0
1.0
1.0
0.707100
-0.010700
-0.707100
0.153767
0.604710
-0.526439
0.659651
-0.536397
-63.276550
-15.638863
71.913498
1.0
1.0
1.0
1.0
0.707100
-0.010700
-0.707100
0.136824
0.592167
-0.526439
0.659651
-0.536397
-122.719025
0.735581
-141.502167
1.0
1.0
1.0
1.0
-0.000000
0.003700
-1.000000
0.014340
0.302183
0.513151
-0.858293
-0.003169
123.312592
0.735581
-141.502167
1.0
1.0
1.0
1.0
-0.000000
0.003700
-1.000000
0.014340
0.044994
0.513151
-0.858293
-0.003169
123.264580
-15.638863
-141.562622
1.0
1.0
1.0
1.0
-0.000000
0.003700
-1.000000
0.031992
0.055278
0.513151
-0.858293
-0.003169
123.312592
0.735581
-141.502167
1.0
1.0
1.0
1.0
0.707100
0.000500
-0.707100
0.014340
0.044994
0.530779
-0.661119
0.530278
144.887405
0.735581
-119.927345
1.0
1.0
1.0
1.0
0.707100
0.000500
-0.707100
0.044206
0.016233
0.530779
-0.661119
0.530278
144.839386
-15.638863
-119.987801
1.0
1.0
1.0
1.0
0.707100
0.000500
-0.707100
0.052306
0.033822
0.530779
-0.661119
0.530278
-62.848198
0.735581
-72.094788
1.0
1.0
1.0
1.0
0.707100
-0.000000
0.707100
0.281252
0.610475
0.586318
-0.558978
-0.586323
-73.870598
0.735581
-61.072300
1.0
1.0
1.0
1.0
0.707100
-0.000000
0.707100
0.270713
0.600414
0.586318
-0.558978
-0.586323
-73.870598
-16.201563
-61.072292
1.0
1.0
1.0
1.0
0.707100
-0.000000
0.707100
0.282634
0.584198
0.586318
-0.558978
-0.586323
-62.848198
0.735581
72.094788
1.0
1.0
1.0
1.0
-0.000000
-0.000000
-1.000000
0.153767
0.604710
0.497262
0.867601
-0.000000
62.848190
0.735581
72.094788
1.0
1.0
1.0
1.0
-0.000000
-0.000000
-1.000000
0.154901
0.720295
0.497262
0.867601
-0.000000
62.848194
-15.638863
72.094795
1.0
1.0
1.0
1.0
-0.000000
-0.000000
-1.000000
0.136824
0.728925
0.497262
0.867601
-0.000000
-144.341888
-15.638863
-119.987801
1.0
1.0
1.0
1.0
-0.707100
0.004700
-0.707100
0.053996
0.311776
-0.549448
-0.633092
0.545253
-144.293869
0.735581
-119.927345
1.0
1.0
1.0
1.0
-0.707100
0.004700
-0.707100
0.046875
0.330107
-0.549448
-0.633092
0.545253
-122.719025
0.735581
-141.502167
1.0
1.0
1.0
1.0
-0.707100
0.004700
-0.707100
0.014340
0.302183
-0.549448
-0.633092
0.545253
123.264580
-15.638863
140.666702
1.0
1.0
1.0
1.0
-0.000000
-0.003700
1.000000
0.295397
0.048738
-0.426066
0.904686
0.003340
123.312592
0.735581
140.727158
1.0
1.0
1.0
1.0
-0.000000
-0.003700
1.000000
0.310578
0.041281
-0.426066
0.904686
0.003340
-122.719025
0.735581
140.727158
1.0
1.0
1.0
1.0
-0.000000
-0.003700
1.000000
0.307386
0.277717
-0.426066
0.904686
0.003340
-73.870598
0.735581
-61.072300
1.0
1.0
1.0
1.0
0.999900
-0.010400
-0.000000
0.270713
0.600414
-0.000464
-0.044451
-0.999011
-73.870598
0.735581
61.072300
1.0
1.0
1.0
1.0
0.999900
-0.010400
-0.000000
0.163572
0.594466
-0.000464
-0.044451
-0.999011
-74.041695
-15.638863
61.122761
1.0
1.0
1.0
1.0
0.999900
-0.010400
-0.000000
0.154834
0.576543
-0.000464
-0.044451
-0.999011
87.727554
83.531311
96.040848
1.0
1.0
1.0
1.0
-1.000000
-0.000000
-0.000000
0.919502
0.355797
-0.000000
0.000000
1.000000
87.727554
83.531311
53.266933
1.0
1.0
1.0
1.0
-1.000000
-0.000000
-0.000000
0.879049
0.355797
-0.000000
0.000000
1.000000
87.727554
0.735581
53.266933
1.0
1.0
1.0
1.0
-1.000000
-0.000000
-0.000000
0.879049
0.277494
-0.000000
0.000000
1.000000
87.727554
83.531311
53.266933
1.0
1.0
1.0
1.0
-0.000000
-0.000000
-1.000000
0.789494
0.849846
1.000000
0.000000
0.000000
125.715805
83.531311
53.266933
1.0
1.0
1.0
1.0
-0.000000
-0.000000
-1.000000
0.825421
0.849846
1.000000
0.000000
0.000000
125.715805
0.735581
53.266933
1.0
1.0
1.0
1.0
-0.000000
-0.000000
-1.000000
0.825421
0.928149
1.000000
0.000000
0.000000
125.715805
83.531311
53.266933
1.0
1.0
1.0
1.0
1.000000
-0.000000
-0.000000
0.922221
0.232842
-0.000000
0.000000
-1.000000
125.715805
83.531311
96.040848
1.0
1.0
1.0
1.0
1.000000
-0.000000
-0.000000
0.881768
0.232842
-0.000000
0.000000
-1.000000
125.715805
0.735581
96.040848
1.0
1.0
1.0
1.0
1.000000
-0.000000
-0.000000
0.881768
0.154539
-0.000000
0.000000
-1.000000
125.715805
83.531311
96.040848
1.0
1.0
1.0
1.0
-0.000000
-0.000000
1.000000
0.934217
0.473031
1.000000
0.000000
-0.000000
87.727554
83.531311
96.040848
1.0
1.0
1.0
1.0
-0.000000
-0.000000
1.000000
0.898290
0.473031
1.000000
0.000000
-0.000000
87.727554
0.735581
96.040848
1.0
1.0
1.0
1.0
-0.000000
-0.000000
1.000000
0.898290
0.394728
1.000000
0.000000
-0.000000
87.727554
83.531311
53.266933
1.0
1.0
1.0
1.0
-0.000000
1.000000
-0.000000
0.246564
0.936915
1.000000
0.000000
0.000000
87.727554
83.531311
96.040848
1.0
1.0
1.0
1.0
-0.000000
1.000000
-0.000000
0.246564
0.896462
1.000000
0.000000
0.000000
125.715805
83.531311
96.040848
1.0
1.0
1.0
1.0
-0.000000
1.000000
-0.000000
0.282491
0.896462
1.000000
0.000000
0.000000
79.998741
100.419312
12.819863
1.0
1.0
1.0
1.0
-1.000000
-0.000000
-0.000000
0.095300
0.832900
-0.000000
0.000000
1.000000
79.998741
100.419312
-24.918423
1.0
1.0
1.0
1.0
-1.000000
-0.000000
-0.000000
0.059609
0.832900
-0.000000
0.000000
1.000000
79.998741
0.735581
-24.918423
1.0
1.0
1.0
1.0
-1.000000
-0.000000
-0.000000
0.059609
0.738625
-0.000000
0.000000
1.000000
79.998741
100.419312
-24.918423
1.0
1.0
1.0
1.0
-0.000000
-0.000000
-1.000000
0.847501
0.108615
-1.000000
0.000000
-0.000000
112.145508
100.419312
-24.918423
1.0
1.0
1.0
1.0
-0.000000
-0.000000
-1.000000
0.817098
0.108615
-1.000000
0.000000
-0.000000
112.145508
0.735581
-24.918423
1.0
1.0
1.0
1.0
-0.000000
-0.000000
-1.000000
0.817098
0.014340
-1.000000
0.000000
-0.000000
112.145508
100.419312
-24.918423
1.0
1.0
1.0
1.0
1.000000
-0.000000
-0.000000
0.670547
0.840976
-0.000000
0.000000
-1.000000
112.145508
100.419312
12.819863
1.0
1.0
1.0
1.0
1.000000
-0.000000
-0.000000
0.634857
0.840976
-0.000000
0.000000
-1.000000
112.145508
0.735581
12.819863
1.0
1.0
1.0
1.0
1.000000
-0.000000
-0.000000
0.634857
0.746701
-0.000000
0.000000
-1.000000
112.145508
100.419312
12.819863
1.0
1.0
1.0
1.0
-0.000000
-0.000000
1.000000
0.853088
0.248813
1.000000
0.000000
-0.000000
79.998741
100.419312
12.819863
1.0
1.0
1.0
1.0
-0.000000
-0.000000
1.000000
0.822686
0.248813
1.000000
0.000000
-0.000000
79.998741
0.735581
12.819863
1.0
1.0
1.0
1.0
-0.000000
-0.000000
1.000000
0.822686
0.154539
1.000000
0.000000
-0.000000
79.998741
100.419312
-24.918423
1.0
1.0
1.0
1.0
-0.000000
1.000000
-0.000000
0.903731
0.943706
1.000000
0.000000
0.000000
79.998741
100.419312
12.819863
1.0
1.0
1.0
1.0
-0.000000
1.000000
-0.000000
0.903731
0.908016
1.000000
0.000000
0.000000
112.145508
100.419312
12.819863
1.0
1.0
1.0
1.0
-0.000000
1.000000
-0.000000
0.934134
0.908016
1.000000
0.000000
0.000000
-26.862047
118.652115
107.267761
1.0
1.0
1.0
1.0
-1.000000
-0.000000
-0.000000
0.788418
0.125858
-0.000000
0.000000
1.000000
-26.862047
118.652115
83.607208
1.0
1.0
1.0
1.0
-1.000000
-0.000000
-0.000000
0.766041
0.125858
-0.000000
0.000000
1.000000
-26.862047
0.735581
83.607208
1.0
1.0
1.0
1.0
-1.000000
-0.000000
-0.000000
0.766041
0.014340
-0.000000
0.000000
1.000000
-26.862047
118.652115
83.607208
1.0
1.0
1.0
1.0
-0.000000
-0.000000
-1.000000
0.778749
0.696268
-1.000000
0.000000
-0.000000
43.640751
118.652115
83.607208
1.0
1.0
1.0
1.0
-0.000000
-0.000000
-1.000000
0.712071
0.696268
-1.000000
0.000000
-0.000000
43.640751
0.735581
83.607208
1.0
1.0
1.0
1.0
-0.000000
-0.000000
-1.000000
0.712071
0.584750
-1.000000
0.000000
-0.000000
43.640751
118.652115
83.607208
1.0
1.0
1.0
1.0
1.000000
-0.000000
-0.000000
0.582452
0.730201
-0.000000
0.000000
-1.000000
43.640751
118.652115
107.267761
1.0
1.0
1.0
1.0
1.000000
-0.000000
-0.000000
0.560075
0.730201
-0.000000
0.000000
-1.000000
43.640751
0.735581
107.267761
1.0
1.0
1.0
1.0
1.000000
-0.000000
-0.000000
0.560075
0.618683
-0.000000
0.000000
-1.000000
43.640751
118.652115
107.267761
1.0
1.0
1.0
1.0
-0.000000
-0.000000
1.000000
0.819637
0.506246
1.000000
0.000000
-0.000000
-26.862047
118.652115
107.267761
1.0
1.0
1.0
1.0
-0.000000
-0.000000
1.000000
0.752960
0.506246
1.000000
0.000000
-0.000000
-26.862047
0.735581
107.267761
1.0
1.0
1.0
1.0
-0.000000
-0.000000
1.000000
0.752960
0.394728
1.000000
0.000000
-0.000000
-26.862047
118.652115
83.607208
1.0
1.0
1.0
1.0
-0.000000
1.000000
-0.000000
0.910029
0.680752
0.000000
0.000000
1.000000
-26.862047
118.652115
107.267761
1.0
1.0
1.0
1.0
-0.000000
1.000000
-0.000000
0.932405
0.680752
0.000000
0.000000
1.000000
43.640751
118.652115
107.267761
1.0
1.0
1.0
1.0
-0.000000
1.000000
-0.000000
0.932405
0.747430
0.000000
0.000000
1.000000
-134.510300
0.735581
108.681931
1.0
1.0
1.0
1.0
-1.000000
0.007600
-0.000000
0.393344
0.618872
-0.000027
-0.003476
0.999994
-133.566849
124.426651
109.113251
1.0
1.0
1.0
1.0
-1.000000
0.007600
-0.000000
0.393344
0.735855
-0.000027
-0.003476
0.999994
-133.566849
124.426651
51.924137
1.0
1.0
1.0
1.0
-1.000000
0.007600
-0.000000
0.339258
0.735667
-0.000027
-0.003476
0.999994
-133.566849
124.426651
51.924137
1.0
1.0
1.0
1.0
-0.000000
0.003500
-1.000000
0.724280
0.511711
-0.999971
0.007631
-0.000001
-105.436775
124.201424
51.924137
1.0
1.0
1.0
1.0
-0.000000
0.003500
-1.000000
0.697675
0.511701
-0.999971
0.007631
-0.000001
-106.380226
0.735581
51.492821
1.0
1.0
1.0
1.0
-0.000000
0.003500
-1.000000
0.697677
0.394931
-0.999971
0.007631
-0.000001
-105.436775
124.201424
51.924137
1.0
1.0
1.0
1.0
1.000000
-0.007600
-0.000000
0.476110
0.735454
0.000027
0.003494
-0.999994
-105.436775
124.201424
109.113251
1.0
1.0
1.0
1.0
1.000000
-0.007600
-0.000000
0.422024
0.735643
0.000027
0.003494
-0.999994
-106.380226
0.735581
108.681931
1.0
1.0
1.0
1.0
1.000000
-0.007600
-0.000000
0.422024
0.618872
0.000027
0.003494
-0.999994
-106.380226
0.735581
108.681931
1.0
1.0
1.0
1.0
-0.000000
-0.003500
1.000000
0.531393
0.618886
0.999971
-0.007631
0.000001
-105.436775
124.201424
109.113251
1.0
1.0
1.0
1.0
-0.000000
-0.003500
1.000000
0.531395
0.735657
0.999971
-0.007631
0.000001
-133.566849
124.426651
109.113251
1.0
1.0
1.0
1.0
-0.000000
-0.003500
1.000000
0.504790
0.735667
0.999971
-0.007631
0.000001
-133.566849
124.426651
51.924137
1.0
1.0
1.0
1.0
0.008000
1.000000
-0.000000
0.924895
0.501711
-0.999968
0.008006
0.000000
-133.566849
124.426651
109.113251
1.0
1.0
1.0
1.0
0.008000
1.000000
-0.000000
0.924895
0.555797
-0.999968
0.008006
0.000000
-105.436775
124.201424
109.113251
1.0
1.0
1.0
1.0
0.008000
1.000000
-0.000000
0.898290
0.555797
-0.999968
0.008006
0.000000
88.689507
34.572044
-26.680822
1.0
1.0
1.0
1.0
-1.000000
-0.000000
-0.000000
0.925811
0.113747
0.000000
-1.000000
0.000000
88.689507
34.572044
-64.073097
1.0
1.0
1.0
1.0
-1.000000
-0.000000
-0.000000
0.925811
0.078384
0.000000
-1.000000
0.000000
88.689507
0.735581
-64.073097
1.0
1.0
1.0
1.0
-1.000000
-0.000000
-0.000000
0.957812
0.078384
0.000000
-1.000000
0.000000
88.689507
34.572044
-64.073097
1.0
1.0
1.0
1.0
-0.000000
-0.000000
-1.000000
0.738594
0.985389
-1.000000
0.000000
-0.000000
116.734245
34.572044
-64.073097
1.0
1.0
1.0
1.0
-0.000000
-0.000000
-1.000000
0.712071
0.985389
-1.000000
0.000000
-0.000000
116.734245
0.735581
-64.073097
1.0
1.0
1.0
1.0
-0.000000
-0.000000
-1.000000
0.712071
0.953389
-1.000000
0.000000
-0.000000
116.734245
34.572044
-64.073097
1.0
1.0
1.0
1.0
1.000000
-0.000000
-0.000000
0.925811
0.049703
0.000000
-1.000000
-0.000000
116.734245
34.572044
-26.680822
1.0
1.0
1.0
1.0
1.000000
-0.000000
-0.000000
0.925811
0.014340
0.000000
-1.000000
-0.000000
116.734245
0.735581
-26.680824
1.0
1.0
1.0
1.0
1.000000
-0.000000
-0.000000
0.957812
0.014340
0.000000
-1.000000
-0.000000
116.734245
34.572044
-26.680822
1.0
1.0
1.0
1.0
-0.000000
-0.000000
1.000000
0.982986
0.844124
1.000000
0.000000
0.000000
88.689507
34.572044
-26.680822
1.0
1.0
1.0
1.0
-0.000000
-0.000000
1.000000
0.956463
0.844124
1.000000
0.000000
0.000000
88.689507
0.735581
-26.680824
1.0
1.0
1.0
1.0
-0.000000
-0.000000
1.000000
0.956463
0.812124
1.000000
0.000000
0.000000
88.689507
34.572044
-64.073097
1.0
1.0
1.0
1.0
-0.000000
1.000000
-0.000000
0.948182
0.312857
1.000000
0.000000
0.000000
88.689507
34.572044
-26.680822
1.0
1.0
1.0
1.0
-0.000000
1.000000
-0.000000
0.948182
0.277494
1.000000
0.000000
0.000000
116.734245
34.572044
-26.680822
1.0
1.0
1.0
1.0
-0.000000
1.000000
-0.000000
0.974705
0.277494
1.000000
0.000000
0.000000
33.531780
95.981621
-85.113838
1.0
1.0
1.0
1.0
-1.000000
-0.000000
-0.000000
0.476110
0.854401
-0.000000
0.000000
1.000000
33.531780
95.981621
-111.226700
1.0
1.0
1.0
1.0
-1.000000
-0.000000
-0.000000
0.451414
0.854401
-0.000000
0.000000
1.000000
33.531780
0.735581
-111.226700
1.0
1.0
1.0
1.0
-1.000000
-0.000000
-0.000000
0.451414
0.764323
-0.000000
0.000000
1.000000
33.531780
95.981621
-111.226700
1.0
1.0
1.0
1.0
-0.000000
-0.000000
-1.000000
0.504790
0.764347
1.000000
0.000000
0.000000
107.788780
95.981621
-111.226700
1.0
1.0
1.0
1.0
-0.000000
-0.000000
-1.000000
0.575018
0.764347
1.000000
0.000000
0.000000
107.788780
0.735581
-111.226700
1.0
1.0
1.0
1.0
-0.000000
-0.000000
-1.000000
0.575018
0.854425
1.000000
0.000000
0.000000
107.788780
95.981621
-111.226700
1.0
1.0
1.0
1.0
1.000000
-0.000000
-0.000000
0.161520
0.871420
-0.000000
0.000000
-1.000000
107.788780
95.981621
-85.113838
1.0
1.0
1.0
1.0
1.000000
-0.000000
-0.000000
0.136824
0.871420
-0.000000
0.000000
-1.000000
107.788780
0.735581
-85.113838
1.0
1.0
1.0
1.0
1.000000
-0.000000
-0.000000
0.136824
0.781342
-0.000000
0.000000
-1.000000
107.788780
95.981621
-85.113838
1.0
1.0
1.0
1.0
-0.000000
-0.000000
1.000000
0.409486
0.854613
1.000000
0.000000
-0.000000
33.531780
95.981621
-85.113838
1.0
1.0
1.0
1.0
-0.000000
-0.000000
1.000000
0.339258
0.854613
1.000000
0.000000
-0.000000
33.531780
0.735581
-85.113838
1.0
1.0
1.0
1.0
-0.000000
-0.000000
1.000000
0.339258
0.764536
1.000000
0.000000
-0.000000
33.531780
95.981621
-111.226700
1.0
1.0
1.0
1.0
-0.000000
1.000000
-0.000000
0.790737
0.357314
-0.000000
-0.000000
-1.000000
33.531780
95.981621
-85.113838
1.0
1.0
1.0
1.0
-0.000000
1.000000
-0.000000
0.766042
0.357314
-0.000000
-0.000000
-1.000000
107.788780
95.981621
-85.113838
1.0
1.0
1.0
1.0
-0.000000
1.000000
-0.000000
0.766042
0.287087
-0.000000
-0.000000
-1.000000
-30.405870
141.653000
-81.822403
1.0
1.0
1.0
1.0
-1.000000
-0.000000
-0.000000
0.737361
0.147611
-0.000000
0.000000
1.000000
-30.405870
141.653000
-125.759010
1.0
1.0
1.0
1.0
-1.000000
-0.000000
-0.000000
0.695809
0.147611
-0.000000
0.000000
1.000000
-30.405870
0.735581
-125.759003
1.0
1.0
1.0
1.0
-1.000000
-0.000000
-0.000000
0.695809
0.014340
-0.000000
0.000000
1.000000
-30.405870
141.653000
-125.759010
1.0
1.0
1.0
1.0
-0.000000
-0.000000
-1.000000
0.108144
0.709945
-1.000000
0.000000
-0.000000
20.913193
141.653000
-125.759010
1.0
1.0
1.0
1.0
-0.000000
-0.000000
-1.000000
0.059610
0.709945
-1.000000
0.000000
-0.000000
20.913193
0.735581
-125.759003
1.0
1.0
1.0
1.0
-0.000000
-0.000000
-1.000000
0.059609
0.576674
-1.000000
0.000000
-0.000000
20.913193
141.653000
-125.759010
1.0
1.0
1.0
1.0
1.000000
-0.000000
-0.000000
0.737361
0.309562
-0.000000
0.000000
-1.000000
20.913193
141.653000
-81.822403
1.0
1.0
1.0
1.0
1.000000
-0.000000
-0.000000
0.695809
0.309562
-0.000000
0.000000
-1.000000
20.913193
0.735581
-81.822403
1.0
1.0
1.0
1.0
1.000000
-0.000000
-0.000000
0.695809
0.176291
-0.000000
0.000000
-1.000000
20.913193
141.653000
-81.822403
1.0
1.0
1.0
1.0
-0.000000
-0.000000
1.000000
0.683391
0.718021
1.000000
0.000000
-0.000000
-30.405870
141.653000
-81.822403
1.0
1.0
1.0
1.0
-0.000000
-0.000000
1.000000
0.634857
0.718021
1.000000
0.000000
-0.000000
-30.405870
0.735581
-81.822403
1.0
1.0
1.0
1.0
-0.000000
-0.000000
1.000000
0.634857
0.584750
1.000000
0.000000
-0.000000
-30.405870
141.653000
-125.759010
1.0
1.0
1.0
1.0
-0.000000
1.000000
-0.000000
0.603556
0.931640
-0.000000
-0.000000
-1.000000
-30.405870
141.653000
-81.822403
1.0
1.0
1.0
1.0
-0.000000
1.000000
-0.000000
0.562004
0.931640
-0.000000
-0.000000
-1.000000
20.913193
141.653000
-81.822403
1.0
1.0
1.0
1.0
-0.000000
1.000000
-0.000000
0.562004
0.883105
-0.000000
-0.000000
-1.000000
-73.525879
0.735581
-83.521927
1.0
1.0
1.0
1.0
-1.000000
-0.005000
-0.000100
0.875047
0.812407
-0.000002
-0.013527
0.999909
-73.975021
90.309303
-82.304733
1.0
1.0
1.0
1.0
-1.000000
-0.005000
-0.000100
0.875051
0.897129
-0.000002
-0.013527
0.999909
-73.975021
90.616348
-104.454430
1.0
1.0
1.0
1.0
-1.000000
-0.005000
-0.000100
0.854101
0.897136
-0.000002
-0.013527
0.999909
-73.525879
0.735581
-105.671616
1.0
1.0
1.0
1.0
-0.000000
0.013500
-0.999900
0.881347
0.584886
-0.999987
-0.005004
-0.000070
-73.975021
90.616348
-104.454430
1.0
1.0
1.0
1.0
-0.000000
0.013500
-0.999900
0.881348
0.669898
-0.999987
-0.005004
-0.000070
-45.165123
90.763687
-104.452377
1.0
1.0
1.0
1.0
-0.000000
0.013500
-0.999900
0.854101
0.669901
-0.999987
-0.005004
-0.000070
-45.165123
90.763687
-104.452377
1.0
1.0
1.0
1.0
1.000000
0.005000
0.000100
0.897131
0.099492
0.000002
0.013527
-0.999909
-45.165123
90.456642
-82.302696
1.0
1.0
1.0
1.0
1.000000
0.005000
0.000100
0.876181
0.099485
0.000002
0.013527
-0.999909
-44.715981
0.735581
-83.519882
1.0
1.0
1.0
1.0
1.000000
0.005000
0.000100
0.876185
0.014623
0.000002
0.013527
-0.999909
-45.165123
90.456642
-82.302696
1.0
1.0
1.0
1.0
-0.000000
-0.013600
0.999900
0.881348
0.783443
0.999987
0.005004
0.000069
-73.975021
90.309303
-82.304733
1.0
1.0
1.0
1.0
-0.000000
-0.013600
0.999900
0.854101
0.783440
0.999987
0.005004
0.000069
-73.525879
0.735581
-83.521927
1.0
1.0
1.0
1.0
-0.000000
-0.013600
0.999900
0.854102
0.698718
0.999987
0.005004
0.000069
-73.975021
90.616348
-104.454430
1.0
1.0
1.0
1.0
-0.005100
0.999900
0.013900
0.196934
0.896372
0.000000
-0.013861
0.999904
-73.975021
90.309303
-82.304733
1.0
1.0
1.0
1.0
-0.005100
0.999900
0.013900
0.217883
0.896372
0.000000
-0.013861
0.999904
-45.165123
90.456642
-82.302696
1.0
1.0
1.0
1.0
-0.005100
0.999900
0.013900
0.217883
0.923619
0.000000
-0.013861
0.999904
-122.931519
0.735580
-70.452156
1.0
1.0
1.0
1.0
-1.000000
-0.006000
-0.000100
0.476110
0.883830
0.000042
-0.020885
0.999782
-123.318039
64.940079
-69.111153
1.0
1.0
1.0
1.0
-1.000000
-0.006000
-0.000100
0.476110
0.944565
0.000042
-0.020885
0.999782
-123.318039
65.465752
-107.032860
1.0
1.0
1.0
1.0
-1.000000
-0.006000
-0.000100
0.440243
0.944313
0.000042
-0.020885
0.999782
-122.931519
0.735581
-108.373856
1.0
1.0
1.0
1.0
-0.000000
0.020700
-0.999800
0.533323
0.883276
-0.999982
-0.005955
-0.000088
-123.318039
65.465752
-107.032860
1.0
1.0
1.0
1.0
-0.000000
0.020700
-0.999800
0.533323
0.944507
-0.999982
-0.005955
-0.000088
-93.148071
65.620056
-107.030716
1.0
1.0
1.0
1.0
-0.000000
0.020700
-0.999800
0.504790
0.944483
-0.999982
-0.005955
-0.000088
-93.148071
65.620056
-107.030716
1.0
1.0
1.0
1.0
1.000000
0.006000
0.000100
0.670723
0.931034
-0.000041
0.020663
-0.999786
-93.148071
65.094368
-69.109009
1.0
1.0
1.0
1.0
1.000000
0.006000
0.000100
0.634857
0.931278
-0.000041
0.020663
-0.999786
-92.761551
0.735580
-70.450012
1.0
1.0
1.0
1.0
1.000000
0.006000
0.000100
0.634867
0.870397
-0.000041
0.020663
-0.999786
-93.148071
65.094368
-69.109009
1.0
1.0
1.0
1.0
-0.000000
-0.020900
0.999800
0.367791
0.944175
0.999982
0.005990
0.000089
-123.318039
64.940079
-69.111153
1.0
1.0
1.0
1.0
-0.000000
-0.020900
0.999800
0.339258
0.944200
0.999982
0.005990
0.000089
-122.931519
0.735580
-70.452156
1.0
1.0
1.0
1.0
-0.000000
-0.020900
0.999800
0.339259
0.883465
0.999982
0.005990
0.000089
-93.148071
65.620056
-107.030716
1.0
1.0
1.0
1.0
-0.005100
0.999900
0.013900
0.136824
0.900100
-0.999987
-0.005114
-0.000071
-123.318039
65.465752
-107.032860
1.0
1.0
1.0
1.0
-0.005100
0.999900
0.013900
0.165357
0.900100
-0.999987
-0.005114
-0.000071
-123.318039
64.940079
-69.111153
1.0
1.0
1.0
1.0
-0.005100
0.999900
0.013900
0.165357
0.935967
-0.999987
-0.005114
-0.000071
-104.162849
0.735581
70.385857
1.0
1.0
1.0
1.0
-1.000000
-0.004400
-0.000000
0.217883
0.781345
0.000021
-0.000124
1.000000
-104.561790
92.036110
70.395027
1.0
1.0
1.0
1.0
-1.000000
-0.004400
-0.000000
0.217883
0.867692
0.000021
-0.000124
1.000000
-104.561790
91.901230
41.123791
1.0
1.0
1.0
1.0
-1.000000
-0.004400
-0.000000
0.190200
0.867561
0.000021
-0.000124
1.000000
-104.162849
0.735581
41.114620
1.0
1.0
1.0
1.0
-0.000000
0.000100
-1.000000
0.869610
0.394821
-0.999990
-0.004410
0.000018
-104.561790
91.901230
41.123791
1.0
1.0
1.0
1.0
-0.000000
0.000100
-1.000000
0.869610
0.481041
-0.999990
-0.004410
0.000018
-82.048187
91.986778
41.123394
1.0
1.0
1.0
1.0
-0.000000
0.000100
-1.000000
0.848318
0.481028
-0.999990
-0.004410
0.000018
-82.048187
91.986778
41.123394
1.0
1.0
1.0
1.0
1.000000
0.004400
-0.000000
0.850368
0.363794
-0.000021
0.000125
-1.000000
-82.048187
92.121643
70.394638
1.0
1.0
1.0
1.0
1.000000
0.004400
-0.000000
0.822686
0.363925
-0.000021
0.000125
-1.000000
-81.649246
0.735581
70.385460
1.0
1.0
1.0
1.0
1.000000
0.004400
-0.000000
0.822686
0.277496
-0.000021
0.000125
-1.000000
-82.048187
92.121643
70.394638
1.0
1.0
1.0
1.0
-0.000000
-0.000100
1.000000
0.267856
0.867770
0.999990
0.004363
-0.000017
-104.561790
92.036110
70.395027
1.0
1.0
1.0
1.0
-0.000000
-0.000100
1.000000
0.246564
0.867782
0.999990
0.004363
-0.000017
-104.162849
0.735581
70.385857
1.0
1.0
1.0
1.0
-0.000000
-0.000100
1.000000
0.246564
0.781435
0.999990
0.004363
-0.000017
-82.048187
91.986778
41.123394
1.0
1.0
1.0
1.0
-0.003800
1.000000
-0.004600
0.717101
0.365926
0.999993
0.003800
-0.000018
-104.561790
91.901230
41.123791
1.0
1.0
1.0
1.0
-0.003800
1.000000
-0.004600
0.695809
0.365926
0.999993
0.003800
-0.000018
-104.561790
92.036110
70.395027
1.0
1.0
1.0
1.0
-0.003800
1.000000
-0.004600
0.695809
0.338243
0.999993
0.003800
-0.000018
-126.186516
0.735581
-20.076488
1.0
1.0
1.0
1.0
-1.000000
0.007700
-0.000000
0.293447
0.358874
-0.000019
-0.002519
0.999997
-124.865578
171.510330
-19.645170
1.0
1.0
1.0
1.0
-1.000000
0.007700
-0.000000
0.293447
0.520387
-0.000019
-0.002519
0.999997
-124.865578
171.510330
-55.742287
1.0
1.0
1.0
1.0
-1.000000
0.007700
-0.000000
0.259308
0.520301
-0.000019
-0.002519
0.999997
-124.865578
171.510330
-55.742287
1.0
1.0
1.0
1.0
-0.000000
0.002500
-1.000000
0.667128
0.366048
-0.999970
0.007727
-0.000001
-90.743484
171.237137
-55.742287
1.0
1.0
1.0
1.0
-0.000000
0.002500
-1.000000
0.634857
0.366039
-0.999970
0.007727
-0.000001
-92.064430
0.735581
-56.173603
1.0
1.0
1.0
1.0
-0.000000
0.002500
-1.000000
0.634859
0.204784
-0.999970
0.007727
-0.000001
-90.743484
171.237137
-55.742287
1.0
1.0
1.0
1.0
1.000000
-0.007700
-0.000000
0.668995
0.555983
0.000020
0.002519
-0.999997
-90.743484
171.237137
-19.645170
1.0
1.0
1.0
1.0
1.000000
-0.007700
-0.000000
0.634857
0.556069
0.000020
0.002519
-0.999997
-92.064430
0.735581
-20.076488
1.0
1.0
1.0
1.0
1.000000
-0.007700
-0.000000
0.634857
0.394814
0.000020
0.002519
-0.999997
-92.064430
0.735581
-20.076488
1.0
1.0
1.0
1.0
-0.000000
-0.002500
1.000000
0.667126
0.014590
0.999970
-0.007727
0.000001
-90.743484
171.237137
-19.645170
1.0
1.0
1.0
1.0
-0.000000
-0.002500
1.000000
0.667128
0.175845
0.999970
-0.007727
0.000001
-124.865578
171.510330
-19.645170
1.0
1.0
1.0
1.0
-0.000000
-0.002500
1.000000
0.634857
0.175854
0.999970
-0.007727
0.000001
-124.865578
171.510330
-55.742287
1.0
1.0
1.0
1.0
0.008000
1.000000
-0.000000
0.950902
0.188677
0.999968
-0.008006
0.000000
-124.865578
171.510330
-19.645170
1.0
1.0
1.0
1.0
0.008000
1.000000
-0.000000
0.950902
0.154539
0.999968
-0.008006
0.000000
-90.743484
171.237137
-19.645170
1.0
1.0
1.0
1.0
0.008000
1.000000
-0.000000
0.983173
0.154539
0.999968
-0.008006
0.000000
-129.011002
200.657150
30.846733
1.0
1.0
1.0
1.0
-1.000000
-0.004100
-0.000000
0.169863
0.547863
0.000009
0.002459
0.999997
-129.011002
200.496170
-4.086949
1.0
1.0
1.0
1.0
-1.000000
-0.004100
-0.000000
0.136824
0.547792
0.000009
0.002459
0.999997
-128.197662
0.735581
-3.593565
1.0
1.0
1.0
1.0
-1.000000
-0.004100
-0.000000
0.136825
0.358869
0.000009
0.002459
0.999997
-128.197662
0.735581
-3.593565
1.0
1.0
1.0
1.0
-0.000000
-0.002500
-1.000000
0.230628
0.358918
-0.999992
-0.004081
0.000018
-129.011002
200.496170
-4.086949
1.0
1.0
1.0
1.0
-0.000000
-0.002500
-1.000000
0.230628
0.547841
-0.999992
-0.004081
0.000018
-95.085327
200.625092
-4.087543
1.0
1.0
1.0
1.0
-0.000000
-0.002500
-1.000000
0.198543
0.547832
-0.999992
-0.004081
0.000018
-94.271988
0.735581
-3.594159
1.0
1.0
1.0
1.0
1.000000
0.004100
-0.000000
0.047378
0.358869
-0.000009
-0.002458
-0.999997
-95.085327
200.625092
-4.087543
1.0
1.0
1.0
1.0
1.000000
0.004100
-0.000000
0.047379
0.547914
-0.000009
-0.002458
-0.999997
-95.085327
200.786026
30.846136
1.0
1.0
1.0
1.0
1.000000
0.004100
-0.000000
0.014340
0.547985
-0.000009
-0.002458
-0.999997
-95.085327
200.786026
30.846136
1.0
1.0
1.0
1.0
-0.000000
0.002500
1.000000
0.108144
0.547985
0.999992
0.004048
-0.000018
-129.011002
200.657150
30.846733
1.0
1.0
1.0
1.0
-0.000000
0.002500
1.000000
0.076059
0.547993
0.999992
0.004048
-0.000018
-128.197662
0.735581
31.340118
1.0
1.0
1.0
1.0
-0.000000
0.002500
1.000000
0.076059
0.358918
0.999992
0.004048
-0.000018
-129.011002
200.496170
-4.086949
1.0
1.0
1.0
1.0
-0.003800
1.000000
-0.004600
0.953575
0.534750
0.999993
0.003799
-0.000018
-129.011002
200.657150
30.846733
1.0
1.0
1.0
1.0
-0.003800
1.000000
-0.004600
0.953575
0.501711
0.999993
0.003799
-0.000018
-95.085327
200.786026
30.846136
1.0
1.0
1.0
1.0
-0.003800
1.000000
-0.004600
0.985660
0.501711
0.999993
0.003799
-0.000018
-80.814720
0.735581
108.007866
1.0
1.0
1.0
1.0
-1.000000
-0.000700
-0.000000
0.931065
0.584877
0.000004
-0.006084
0.999981
-80.865562
71.784431
108.439186
1.0
1.0
1.0
1.0
-1.000000
-0.000700
-0.000000
0.931065
0.652072
0.000004
-0.006084
0.999981
-80.865562
71.784431
86.195061
1.0
1.0
1.0
1.0
-1.000000
-0.000700
-0.000000
0.910029
0.651944
0.000004
-0.006084
0.999981
-80.814720
0.735581
85.763741
1.0
1.0
1.0
1.0
-0.000000
0.006100
-1.000000
0.927782
0.812141
-1.000000
-0.000748
-0.000005
-80.865562
71.784431
86.195061
1.0
1.0
1.0
1.0
-0.000000
0.006100
-1.000000
0.927782
0.879336
-1.000000
-0.000748
-0.000005
-55.434444
71.784431
86.195061
1.0
1.0
1.0
1.0
-0.000000
0.006100
-1.000000
0.903731
0.879318
-1.000000
-0.000748
-0.000005
-55.434444
71.784431
86.195061
1.0
1.0
1.0
1.0
1.000000
0.000700
-0.000000
0.080646
0.928775
-0.000004
0.006037
-0.999982
-55.434444
71.784431
108.439186
1.0
1.0
1.0
1.0
1.000000
0.000700
-0.000000
0.059609
0.928902
-0.000004
0.006037
-0.999982
-55.383602
0.735581
108.007866
1.0
1.0
1.0
1.0
1.000000
0.000700
-0.000000
0.059609
0.861708
-0.000004
0.006037
-0.999982
-55.434444
71.784431
108.439186
1.0
1.0
1.0
1.0
-0.000000
-0.006100
1.000000
0.736122
0.924691
1.000000
0.000707
0.000004
-80.865562
71.784431
108.439186
1.0
1.0
1.0
1.0
-0.000000
-0.006100
1.000000
0.712071
0.924708
1.000000
0.000707
0.000004
-80.814720
0.735581
108.007866
1.0
1.0
1.0
1.0
-0.000000
-0.006100
1.000000
0.712071
0.857513
1.000000
0.000707
0.000004
-80.865562
71.784431
86.195061
1.0
1.0
1.0
1.0
-0.000000
1.000000
-0.000000
0.969219
0.365588
-0.000000
-0.000000
-1.000000
-80.865562
71.784431
108.439186
1.0
1.0
1.0
1.0
-0.000000
1.000000
-0.000000
0.948182
0.365588
-0.000000
-0.000000
-1.000000
-55.434444
71.784431
108.439186
1.0
1.0
1.0
1.0
-0.000000
1.000000
-0.000000
0.948182
0.341537
-0.000000
-0.000000
-1.000000
51.435425
110.562820
123.143860
1.0
1.0
1.0
1.0
-1.000000
-0.000000
-0.000000
0.825421
0.688617
-0.000000
0.000000
1.000000
51.435425
110.562820
104.119614
1.0
1.0
1.0
1.0
-1.000000
-0.000000
-0.000000
0.807429
0.688617
-0.000000
0.000000
1.000000
51.435425
0.735581
104.119614
1.0
1.0
1.0
1.0
-1.000000
-0.000000
-0.000000
0.807429
0.584750
-0.000000
0.000000
1.000000
51.435425
110.562820
104.119614
1.0
1.0
1.0
1.0
-0.000000
-0.000000
-1.000000
0.740035
0.828816
-1.000000
0.000000
-0.000000
81.003685
110.562820
104.119614
1.0
1.0
1.0
1.0
-0.000000
-0.000000
-1.000000
0.712071
0.828816
-1.000000
0.000000
-0.000000
81.003685
0.735581
104.119614
1.0
1.0
1.0
1.0
-0.000000
-0.000000
-1.000000
0.712071
0.724948
-1.000000
0.000000
-0.000000
81.003685
110.562820
104.119614
1.0
1.0
1.0
1.0
1.000000
-0.000000
-0.000000
0.825421
0.821166
-0.000000
0.000000
-1.000000
81.003685
110.562820
123.143860
1.0
1.0
1.0
1.0
1.000000
-0.000000
-0.000000
0.807429
0.821166
-0.000000
0.000000
-1.000000
81.003685
0.735581
123.143860
1.0
1.0
1.0
1.0
1.000000
-0.000000
-0.000000
0.807429
0.717298
-0.000000
0.000000
-1.000000
81.003685
110.562820
123.143860
1.0
1.0
1.0
1.0
-0.000000
-0.000000
1.000000
0.794005
0.258406
1.000000
0.000000
-0.000000
51.435425
110.562820
123.143860
1.0
1.0
1.0
1.0
-0.000000
-0.000000
1.000000
0.766041
0.258406
1.000000
0.000000
-0.000000
51.435425
0.735581
123.143860
1.0
1.0
1.0
1.0
-0.000000
-0.000000
1.000000
0.766041
0.154539
1.000000
0.000000
-0.000000
51.435425
110.562820
104.119614
1.0
1.0
1.0
1.0
-0.000000
1.000000
-0.000000
0.866310
0.537685
-0.000000
-0.000000
-1.000000
51.435425
110.562820
123.143860
1.0
1.0
1.0
1.0
-0.000000
1.000000
-0.000000
0.848318
0.537685
-0.000000
-0.000000
-1.000000
81.003685
110.562820
123.143860
1.0
1.0
1.0
1.0
-0.000000
1.000000
-0.000000
0.848318
0.509721
-0.000000
-0.000000
-1.000000
106.929932
16.410604
31.228317
1.0
1.0
1.0
1.0
-1.000000
-0.000000
-0.000000
0.740609
0.540392
0.000000
0.000000
-1.000000
106.929932
16.410604
17.424299
1.0
1.0
1.0
1.0
-1.000000
-0.000000
-0.000000
0.753664
0.540392
0.000000
0.000000
-1.000000
106.929932
0.735581
17.424299
1.0
1.0
1.0
1.0
-1.000000
-0.000000
-0.000000
0.753664
0.555216
0.000000
0.000000
-1.000000
106.929932
16.410604
17.424299
1.0
1.0
1.0
1.0
-0.000000
-0.000000
-1.000000
0.028594
0.737211
-1.000000
0.000000
-0.000000
122.001190
16.410604
17.424299
1.0
1.0
1.0
1.0
-0.000000
-0.000000
-1.000000
0.014340
0.737211
-1.000000
0.000000
-0.000000
122.001190
0.735581
17.424299
1.0
1.0
1.0
1.0
-0.000000
-0.000000
-1.000000
0.014340
0.722386
-1.000000
0.000000
-0.000000
122.001190
16.410604
17.424299
1.0
1.0
1.0
1.0
1.000000
-0.000000
-0.000000
0.027395
0.780715
-0.000000
0.000000
-1.000000
122.001190
16.410604
31.228317
1.0
1.0
1.0
1.0
1.000000
-0.000000
-0.000000
0.014340
0.780715
-0.000000
0.000000
-1.000000
122.001190
0.735581
31.228317
1.0
1.0
1.0
1.0
1.000000
-0.000000
-0.000000
0.014340
0.765891
-0.000000
0.000000
-1.000000
122.001190
16.410604
31.228317
1.0
1.0
1.0
1.0
-0.000000
-0.000000
1.000000
0.711929
0.555216
1.000000
0.000000
-0.000000
106.929932
16.410604
31.228317
1.0
1.0
1.0
1.0
-0.000000
-0.000000
1.000000
0.697675
0.555216
1.000000
0.000000
-0.000000
106.929932
0.735581
31.228317
1.0
1.0
1.0
1.0
-0.000000
-0.000000
1.000000
0.697675
0.540392
1.000000
0.000000
-0.000000
106.929932
16.410604
17.424299
1.0
1.0
1.0
1.0
-0.000000
1.000000
-0.000000
0.795399
0.554645
-0.000000
-0.000000
-1.000000
106.929932
16.410604
31.228317
1.0
1.0
1.0
1.0
-0.000000
1.000000
-0.000000
0.782344
0.554645
-0.000000
-0.000000
-1.000000
122.001190
16.410604
31.228317
1.0
1.0
1.0
1.0
-0.000000
1.000000
-0.000000
0.782344
0.540392
-0.000000
-0.000000
-1.000000
84.367432
11.284321
27.096155
1.0
1.0
1.0
1.0
-0.000000
-0.000000
-1.000000
0.768715
0.736789
0.000000
-1.000000
0.000000
96.887138
11.284321
27.096155
1.0
1.0
1.0
1.0
-0.000000
-0.000000
-1.000000
0.768715
0.724948
0.000000
-1.000000
0.000000
96.887138
0.735581
27.096155
1.0
1.0
1.0
1.0
-0.000000
-0.000000
-1.000000
0.778692
0.724948
0.000000
-1.000000
0.000000
84.367432
11.284321
48.130970
1.0
1.0
1.0
1.0
-1.000000
-0.000000
-0.000000
0.024317
0.625239
0.000000
1.000000
0.000000
84.367432
11.284321
27.096155
1.0
1.0
1.0
1.0
-1.000000
-0.000000
-0.000000
0.024317
0.645132
0.000000
1.000000
0.000000
84.367432
0.735581
27.096155
1.0
1.0
1.0
1.0
-1.000000
-0.000000
-0.000000
0.014340
0.645132
0.000000
1.000000
0.000000
96.887138
11.284321
48.130970
1.0
1.0
1.0
1.0
-0.000000
-0.000000
1.000000
0.778692
0.765469
0.000000
1.000000
0.000000
84.367432
11.284321
48.130970
1.0
1.0
1.0
1.0
-0.000000
-0.000000
1.000000
0.778692
0.777309
0.000000
1.000000
0.000000
84.367432
0.735581
48.130970
1.0
1.0
1.0
1.0
-0.000000
-0.000000
1.000000
0.768715
0.777309
0.000000
1.000000
0.000000
84.367432
11.284321
27.096155
1.0
1.0
1.0
1.0
-0.000000
1.000000
-0.000000
0.026181
0.576665
-1.000000
0.000000
0.000000
84.367432
11.284321
48.130970
1.0
1.0
1.0
1.0
-0.000000
1.000000
-0.000000
0.026181
0.596558
-1.000000
0.000000
0.000000
96.887138
11.284321
48.130970
1.0
1.0
1.0
1.0
-0.000000
1.000000
-0.000000
0.014340
0.596558
-1.000000
0.000000
0.000000
96.887138
11.284321
27.096155
1.0
1.0
1.0
1.0
1.000000
-0.000000
-0.000000
0.024317
0.673812
0.000000
1.000000
0.000000
96.887138
11.284321
48.130970
1.0
1.0
1.0
1.0
1.000000
-0.000000
-0.000000
0.024317
0.693706
0.000000
1.000000
0.000000
96.887138
0.735581
48.130970
1.0
1.0
1.0
1.0
1.000000
-0.000000
-0.000000
0.014340
0.693706
0.000000
1.000000
0.000000
